140 100
17 5 19 10 16 2 8 9 16 18 13 11 18 9 11 4 18 17 17 13 1 11 19 14 20 1 10 6 3 5 7 7 11 4 20 20 18 16 9 1 5 10 20 11 3 20 3 3 10 16 6 10 7 14 10 16 9 20 16 20 20 16 16 1 9 20 7 14 9 4 19 15 10 6 16 7 18 4 1 11 14 19 6 8 12 2 8 19 15 5 19 19 18 7 6 10 19 11 14 5 
6 5 12 18 8 4 4 9 14 6 20 5 9 1 12 8 9 10 14 10 3 6 14 8 16 9 12 14 12 17 13 18 12 16 10 20 9 9 9 1 4 14 10 11 11 14 12 14 4 19 5 2 19 10 12 12 2 5 14 19 17 18 3 13 15 1 16 7 1 12 3 4 3 12 9 18 16 3 4 20 13 2 16 2 4 6 16 14 6 18 1 6 18 14 8 5 5 5 5 9 
6 7 3 20 3 20 6 2 12 8 10 20 16 8 8 19 7 2 15 17 20 16 8 13 14 6 5 17 19 11 9 4 3 16 6 6 11 2 16 17 20 4 7 3 13 5 18 5 2 5 11 1 19 11 10 2 10 16 15 16 14 17 3 1 6 13 12 12 6 15 5 16 8 12 20 9 9 12 3 10 5 12 7 12 17 16 18 17 9 12 1 2 14 14 6 8 6 3 11 20 
11 19 15 11 14 16 7 7 4 19 17 14 12 11 6 5 1 7 7 7 18 4 8 9 1 14 9 1 17 19 15 16 9 9 10 5 6 12 14 5 4 5 2 5 17 14 8 10 14 11 5 3 2 17 6 4 2 13 17 7 6 11 6 3 4 8 13 15 2 9 2 9 8 17 10 15 2 17 10 13 10 20 9 2 20 10 16 14 8 9 19 15 11 16 5 8 15 4 19 16 
17 16 20 16 19 7 20 8 10 15 9 17 13 11 20 9 6 19 8 9 6 13 2 14 6 10 18 10 2 17 6 16 18 17 19 19 11 18 12 14 11 16 3 2 16 8 11 7 6 18 19 3 12 15 18 6 18 2 14 8 7 12 9 12 6 2 6 16 5 2 17 20 3 20 20 19 16 20 6 12 1 15 1 8 19 2 10 2 15 11 8 5 10 8 17 20 7 17 16 3 
16 12 13 1 5 12 12 9 20 17 5 13 16 13 18 12 6 8 5 13 7 12 18 11 16 12 11 17 2 5 11 17 1 18 12 3 12 1 6 14 20 1 1 7 12 17 3 2 2 4 10 19 1 1 18 1 8 8 8 18 9 17 16 15 7 13 5 11 4 8 1 1 15 2 20 15 2 16 4 12 4 11 20 6 15 18 8 6 11 16 10 7 20 14 9 18 6 18 7 15 
8 3 6 12 19 1 8 16 19 5 16 20 14 7 6 3 14 5 5 16 19 20 2 10 4 3 8 6 19 6 7 8 6 4 2 1 6 11 1 2 9 11 12 4 4 12 13 20 7 19 3 3 14 18 14 17 19 11 16 8 9 12 11 12 20 12 20 5 11 9 20 14 4 1 5 19 18 10 11 2 14 8 3 7 5 11 19 6 20 19 17 8 3 1 11 17 19 12 5 9 
2 2 6 9 14 4 15 10 17 4 6 14 12 15 9 10 5 19 15 4 14 8 13 4 8 8 6 16 20 6 7 18 17 14 12 1 8 16 14 1 5 16 13 14 12 17 8 2 12 12 8 1 19 8 20 11 5 9 5 11 15 14 15 17 14 1 8 5 9 17 3 15 17 2 4 11 3 3 18 2 19 8 10 10 14 17 10 7 16 11 14 9 4 11 6 7 19 14 4 18 
2 3 16 2 12 1 2 15 13 19 4 15 9 4 6 9 18 9 3 2 4 14 14 8 3 2 11 19 1 17 6 9 20 2 14 6 9 14 2 20 3 17 1 7 4 13 7 19 17 1 11 4 15 2 12 2 1 18 5 9 12 8 1 10 15 1 1 3 13 9 16 11 10 10 16 3 17 10 15 4 16 8 19 15 9 7 9 16 2 4 6 19 19 3 2 12 15 11 4 5 
18 14 1 1 1 5 11 12 5 4 3 3 1 11 1 4 11 6 16 9 13 6 7 4 12 1 13 12 2 5 9 12 3 8 12 6 6 2 11 13 3 12 11 3 5 6 7 16 1 9 19 15 13 18 18 10 9 9 16 5 14 4 13 6 19 9 9 10 9 11 18 17 16 8 17 8 3 4 6 14 16 4 8 5 18 15 14 5 18 6 14 5 4 8 18 3 2 7 1 8 
19 16 13 18 9 9 4 1 13 7 17 9 19 18 6 6 10 9 14 16 20 20 1 6 11 6 12 9 10 1 10 4 10 20 15 3 13 3 15 3 13 14 10 10 5 16 13 2 2 1 15 7 16 12 6 7 12 11 1 5 5 6 9 3 4 20 10 19 17 19 13 11 17 20 7 13 8 6 17 10 4 20 17 17 17 7 10 7 18 6 16 17 10 11 17 15 10 8 11 2 
12 11 3 7 6 15 5 12 19 17 10 19 6 7 3 11 17 9 16 10 4 19 6 16 9 2 13 11 20 5 15 18 5 2 8 11 10 2 20 16 20 5 4 9 15 11 8 14 11 10 12 10 11 11 13 6 12 1 8 20 5 2 13 17 20 1 16 18 17 5 20 7 13 6 3 1 8 13 14 1 2 1 8 7 11 11 20 4 9 12 19 7 17 12 4 13 3 6 2 7 
18 6 9 15 11 14 19 11 9 9 14 5 4 9 18 13 19 5 1 9 15 18 16 17 2 19 1 8 4 18 3 15 7 8 15 11 2 4 2 12 6 9 14 1 9 16 9 7 17 2 3 4 14 19 17 8 10 3 18 2 3 9 7 6 20 18 7 11 8 4 5 9 8 18 10 16 7 8 11 19 6 2 16 6 17 4 9 7 16 8 12 20 1 10 3 4 13 1 14 16 
9 1 11 2 20 19 1 6 1 19 8 17 6 11 2 1 16 8 7 11 9 13 13 14 9 5 11 11 8 14 18 17 12 11 20 9 7 20 5 11 1 11 14 19 2 19 20 11 2 2 5 20 17 14 11 9 15 15 4 17 19 10 9 9 3 18 9 17 17 2 19 10 11 14 14 20 3 8 2 9 5 11 4 11 1 1 17 12 3 16 17 14 4 6 10 20 8 12 20 20 
20 2 3 7 15 2 20 2 18 11 17 4 11 11 7 1 12 9 15 14 15 19 7 11 6 5 2 7 11 2 6 13 10 11 4 15 16 5 8 8 8 16 6 5 2 19 10 2 14 9 19 12 12 16 15 17 9 13 5 9 13 9 6 6 1 1 10 13 1 14 15 20 20 6 14 13 16 1 10 19 11 19 10 17 1 7 9 19 15 7 6 8 5 11 1 13 8 8 11 15 
16 19 5 19 14 7 10 11 3 6 6 7 14 15 10 18 2 19 14 2 16 8 20 5 9 11 20 1 11 1 7 12 20 11 14 3 5 13 20 11 4 20 7 9 1 5 1 8 18 8 11 9 5 1 2 10 4 2 18 12 1 17 12 4 2 5 1 14 17 6 2 1 16 13 5 16 13 12 7 3 19 20 11 10 5 3 15 14 14 13 1 6 7 12 4 18 7 17 14 18 
1 10 2 18 12 20 18 19 15 2 11 13 9 20 12 10 19 4 12 9 6 10 3 12 3 8 20 4 17 4 17 7 2 2 8 15 5 9 19 18 1 16 16 10 15 16 16 3 19 5 1 2 1 18 8 1 13 5 2 12 3 1 8 19 20 1 4 17 15 18 3 15 4 9 8 19 19 10 2 4 14 10 11 8 13 11 8 19 15 4 7 7 2 20 14 5 20 10 19 16 
16 8 2 3 4 10 6 16 10 14 17 16 2 3 1 2 12 1 15 4 1 12 9 7 15 8 9 19 4 7 16 4 5 14 14 16 7 1 14 11 20 3 16 6 9 8 18 14 8 9 16 11 1 3 1 8 14 12 19 8 16 3 15 20 17 1 15 3 10 8 6 10 5 17 9 18 5 20 13 17 12 15 7 12 16 10 12 11 11 13 1 16 2 9 3 12 5 10 20 6 
8 11 14 11 14 19 19 20 3 18 6 12 17 20 10 16 15 1 5 1 6 6 17 20 4 5 18 16 2 11 15 12 9 17 7 20 4 18 18 14 4 20 1 17 5 9 13 16 6 16 20 1 3 6 10 11 13 20 2 16 16 20 12 17 15 6 18 11 15 17 16 7 20 20 18 1 18 9 5 16 12 13 4 18 2 4 15 13 11 9 7 18 13 7 18 17 14 2 9 18 
12 7 3 13 15 1 20 14 20 10 13 17 3 6 15 7 4 8 15 14 12 15 6 8 8 19 6 20 14 3 12 15 17 7 18 3 6 7 12 4 3 18 7 17 7 9 17 14 5 1 12 14 4 17 15 20 7 5 8 8 16 6 8 19 19 18 10 13 1 11 8 12 8 10 11 17 14 14 7 17 1 8 3 14 4 2 7 11 4 1 9 17 18 8 1 17 12 16 16 9 
13 8 7 19 18 15 6 7 3 9 14 19 6 8 16 8 12 7 8 5 15 8 5 20 8 20 8 12 14 7 7 18 1 13 7 13 2 17 1 2 18 8 17 12 14 2 13 7 1 16 6 8 16 20 15 4 19 2 10 4 1 5 3 15 20 1 11 8 20 14 7 16 15 10 16 15 11 15 6 15 2 7 7 4 15 16 20 7 13 9 4 4 3 6 11 17 20 5 4 17 
20 9 16 19 18 16 9 4 6 17 1 15 7 12 15 2 9 3 2 19 3 2 8 2 4 20 6 20 7 7 8 20 4 13 3 15 12 17 3 12 5 19 9 7 9 4 18 1 8 6 9 3 2 14 5 20 4 14 5 20 15 17 4 7 15 18 5 5 8 2 14 3 8 20 12 5 20 2 13 7 4 16 7 3 2 1 8 13 4 12 16 10 5 12 7 2 5 11 6 6 
16 1 11 7 5 1 7 13 19 5 7 13 16 7 11 4 4 13 3 18 20 17 9 7 1 13 2 6 10 17 2 20 18 13 3 8 5 8 8 14 10 8 16 13 9 12 7 14 14 11 3 5 3 3 13 19 12 8 6 1 9 18 18 17 15 8 16 20 2 2 2 5 15 13 11 10 17 1 18 2 9 6 9 20 13 5 16 4 12 15 14 3 5 4 8 18 15 18 11 1 
2 14 2 13 4 16 17 4 10 6 15 13 11 5 4 1 13 19 8 14 16 19 15 11 16 10 2 7 10 14 6 16 3 16 3 10 8 1 16 13 15 7 13 5 11 16 12 20 4 9 13 4 11 13 13 12 9 10 19 6 6 1 1 2 12 12 11 7 14 15 18 3 15 12 4 10 14 5 6 15 19 15 2 11 1 7 4 19 8 4 20 12 13 5 13 2 10 7 9 12 
10 7 18 1 2 18 6 1 17 10 1 13 11 9 14 6 13 18 18 10 4 16 14 16 11 7 9 19 11 20 17 12 5 4 4 9 11 6 7 4 19 2 9 1 8 7 7 20 1 15 3 5 18 16 8 4 13 17 17 20 7 16 3 14 2 19 12 12 3 8 8 16 1 16 13 11 18 20 19 7 7 14 14 14 8 11 9 6 5 1 8 8 5 11 11 17 5 14 9 9 
20 14 11 1 12 18 12 14 11 15 5 9 14 10 16 1 2 18 7 2 12 19 9 12 7 14 8 12 14 13 14 10 12 7 10 5 15 10 12 16 9 6 2 3 8 7 8 3 18 4 13 14 12 9 2 9 4 20 17 14 5 5 2 10 10 3 5 13 19 11 16 12 6 8 1 8 13 7 2 8 14 20 8 6 7 4 20 15 3 2 6 13 19 18 8 18 12 7 15 14 
13 9 12 4 8 2 12 13 15 10 1 8 12 9 19 1 20 12 5 5 18 7 7 4 8 16 14 7 10 4 14 19 5 15 17 13 5 10 14 2 9 6 18 5 10 19 10 12 1 1 8 5 8 6 7 3 1 15 18 6 15 5 8 1 3 10 16 14 9 9 13 13 14 7 8 17 20 9 5 20 12 11 13 13 11 17 13 3 14 8 5 17 1 20 17 19 7 1 2 4 
8 7 17 7 4 12 11 15 16 10 16 7 13 7 2 10 8 20 11 4 10 17 3 19 13 6 20 8 4 1 6 8 9 13 4 8 11 10 1 15 4 8 7 20 2 16 12 17 18 13 18 14 11 16 18 11 9 15 20 3 9 12 9 10 11 10 7 9 18 14 17 5 17 12 8 6 4 17 2 1 14 15 13 10 10 16 11 1 15 4 14 18 18 2 1 11 2 16 4 15 
9 11 9 2 14 5 2 2 8 10 2 18 18 5 16 3 6 4 15 14 16 16 12 10 12 18 4 2 9 10 17 4 5 16 1 12 11 17 4 10 9 8 14 11 19 2 7 13 9 1 16 9 14 5 1 8 16 11 12 16 5 1 4 19 4 11 20 16 10 1 17 6 19 8 4 19 9 19 13 3 20 12 17 7 18 17 1 18 13 16 18 3 17 9 20 15 1 14 11 18 
3 1 5 7 16 17 3 2 20 9 18 8 2 12 6 20 11 5 12 11 11 11 13 19 9 18 13 5 11 3 12 14 15 14 11 14 2 13 4 4 9 9 9 20 18 13 3 1 14 7 5 15 19 17 16 7 17 9 16 10 6 9 17 1 15 13 18 14 11 17 12 11 6 4 8 7 10 7 6 8 8 5 7 12 15 7 1 9 3 10 18 15 12 11 1 1 2 3 9 13 
20 17 13 10 16 17 10 1 7 4 15 16 9 10 11 10 5 19 12 14 15 12 15 19 8 14 2 17 2 12 4 3 18 10 17 15 7 14 14 17 14 12 18 12 20 14 10 11 5 5 14 16 16 1 10 10 6 5 16 16 2 15 7 7 20 9 11 2 12 4 18 2 16 6 12 13 13 12 13 16 14 1 6 20 5 15 20 3 16 5 9 1 6 13 3 5 14 1 6 11 
14 17 12 8 17 16 6 17 4 2 12 2 4 13 19 10 5 2 4 7 4 13 20 19 13 14 11 1 7 17 8 17 17 2 13 20 8 12 6 14 10 6 3 20 11 3 18 13 9 5 3 15 1 18 15 6 15 17 5 8 19 4 14 14 20 6 6 7 2 10 12 14 7 18 8 8 14 7 2 6 15 12 15 20 9 20 14 13 9 3 16 11 1 12 14 5 13 13 18 11 
14 3 13 20 17 15 18 7 13 10 8 7 20 2 4 19 19 5 20 7 5 18 13 4 9 1 15 11 5 13 16 13 9 1 18 14 3 10 6 14 2 7 12 5 17 5 10 7 1 15 12 10 8 16 8 2 2 2 4 5 20 20 1 12 11 9 12 1 10 15 17 13 3 11 5 5 11 6 10 13 17 19 2 19 19 2 19 2 9 19 1 5 19 3 15 12 18 2 16 5 
8 11 5 17 8 16 14 18 8 15 5 13 12 16 20 9 6 15 11 19 16 11 5 20 20 2 6 8 8 14 14 9 2 10 19 3 14 1 14 12 20 7 13 16 12 2 12 16 6 7 6 13 7 5 3 13 2 8 20 11 11 7 8 5 4 13 16 8 9 20 6 2 19 5 12 7 16 4 5 9 12 12 20 9 2 6 15 10 20 5 10 18 10 8 7 7 8 13 20 17 
20 20 1 10 7 14 9 15 13 12 19 3 8 14 7 17 12 9 19 10 18 4 5 1 6 7 20 1 4 13 15 12 12 3 2 9 17 9 20 12 14 8 12 5 5 5 16 17 7 7 17 11 13 13 14 10 19 9 1 13 3 13 7 17 9 11 6 18 5 16 1 7 8 9 5 13 12 11 9 13 4 4 20 5 12 1 1 16 4 7 16 6 3 11 13 13 2 12 9 9 
6 2 15 17 15 4 16 15 20 2 9 13 19 5 4 18 9 6 17 13 4 15 19 15 13 6 8 7 3 10 18 15 8 7 2 19 7 14 4 5 11 8 10 15 11 9 12 11 12 17 7 20 19 19 9 6 15 14 15 17 17 14 9 10 11 19 12 19 11 11 6 9 9 7 12 15 4 17 17 4 6 1 12 20 3 18 13 17 16 5 15 7 8 10 7 6 8 20 11 3 
15 14 13 1 1 20 12 12 8 11 4 13 15 15 10 9 9 2 15 9 17 16 5 11 9 7 3 15 14 6 10 3 3 2 12 6 17 2 15 14 17 17 20 9 19 1 13 7 19 7 16 14 18 16 16 15 11 7 14 14 15 2 13 3 11 7 15 6 7 17 17 7 14 6 6 16 10 11 7 12 13 19 11 13 13 4 20 19 7 18 15 19 19 1 2 7 8 6 10 10 
16 16 7 4 18 8 9 7 5 18 20 3 10 9 2 13 1 11 1 6 3 7 7 6 5 15 4 2 11 20 17 2 5 1 19 16 8 4 14 16 20 5 17 16 1 16 8 18 18 5 19 8 20 11 2 19 4 11 10 16 20 3 11 2 1 10 17 5 15 8 15 7 12 5 2 16 3 20 6 7 15 8 18 2 12 4 10 3 10 16 20 7 7 18 15 18 8 17 12 9 
12 17 20 4 13 3 7 5 10 6 19 19 19 10 13 14 10 14 3 11 4 11 12 18 3 9 13 3 9 18 16 6 4 8 12 10 7 6 17 1 7 2 12 20 18 2 15 20 7 11 17 16 7 16 7 4 16 17 13 4 4 10 19 19 12 1 6 6 11 13 4 5 6 14 3 8 17 2 3 20 10 5 1 16 7 17 19 12 8 14 14 5 11 19 8 17 10 3 20 20 
9 7 11 4 3 14 19 17 16 1 1 4 13 14 18 16 14 7 10 2 12 10 15 11 19 5 1 10 13 3 9 9 14 2 19 1 9 16 1 10 16 12 3 1 2 18 15 11 6 7 5 1 11 15 9 9 7 11 13 9 2 5 9 14 1 1 17 19 1 17 18 1 18 20 13 19 9 5 14 20 17 3 18 19 17 12 19 5 2 3 14 5 4 11 6 2 17 19 9 5 
3 1 7 20 10 18 18 6 2 5 12 17 5 12 2 2 13 7 12 8 7 15 6 15 5 11 18 12 7 10 11 16 8 2 4 7 2 12 4 12 6 4 7 1 6 19 10 19 16 11 10 16 11 14 14 1 3 2 18 8 1 12 1 18 19 11 5 8 20 7 8 2 12 18 16 11 7 3 13 17 8 19 3 6 18 12 17 8 20 4 8 2 18 8 11 8 13 13 9 20 
13 4 3 16 20 10 6 20 12 18 5 19 8 13 10 14 17 5 12 6 2 20 15 19 11 1 12 3 13 11 18 5 20 18 12 6 12 8 3 10 19 2 16 20 14 18 12 1 5 15 14 4 12 15 3 18 13 17 9 4 13 11 2 5 13 14 3 8 13 2 20 10 14 11 18 3 16 4 8 18 17 9 1 12 16 3 10 16 3 4 5 14 12 9 16 14 13 4 8 9 
9 1 4 13 7 3 6 1 12 16 9 5 3 3 20 12 6 17 20 11 11 16 2 13 16 3 11 20 13 11 9 6 15 5 5 19 2 3 17 3 1 7 19 19 1 19 2 8 14 13 18 1 12 18 3 17 17 20 4 2 2 12 16 17 13 13 19 9 11 13 15 10 2 12 16 2 7 9 10 17 11 7 1 8 5 20 15 8 5 14 16 4 9 17 2 13 16 20 4 12 
14 12 5 19 12 7 20 6 18 1 4 5 11 15 17 9 5 20 2 19 7 9 16 3 18 5 12 14 20 19 15 5 4 14 9 9 18 7 15 1 7 1 9 17 7 13 3 8 15 7 14 9 20 7 4 1 12 5 18 17 19 12 5 1 6 17 12 7 14 18 13 13 19 10 10 5 17 1 19 6 6 10 4 1 14 6 3 13 1 7 6 10 1 8 18 2 6 9 12 8 
16 1 8 7 4 20 3 2 3 15 4 20 7 15 2 7 4 2 16 4 6 16 19 20 14 5 6 5 8 9 8 16 13 7 12 5 20 6 5 15 7 2 13 1 2 7 20 20 4 20 3 9 16 18 7 8 5 18 1 12 8 5 8 10 20 8 9 1 16 2 9 20 12 11 1 6 4 17 4 2 9 12 9 11 15 17 7 11 10 6 16 11 9 8 13 9 8 20 17 15 
17 11 6 13 13 12 16 18 11 3 4 8 12 12 17 20 8 17 9 19 13 7 4 5 4 16 2 15 4 14 5 11 7 12 13 3 14 3 11 2 6 19 18 4 3 6 18 11 5 7 11 4 15 17 5 10 7 20 9 18 6 18 18 4 6 17 19 4 5 11 3 12 20 19 9 5 10 9 12 17 8 15 12 1 5 20 11 4 17 4 1 15 2 16 6 20 19 9 10 10 
12 5 1 16 7 9 14 4 12 9 4 11 4 16 4 4 14 8 13 18 18 4 17 15 13 11 11 12 12 19 20 15 4 9 13 3 15 12 4 3 6 20 9 11 6 14 14 8 2 5 4 7 9 14 12 13 8 4 12 2 6 12 17 17 8 8 13 13 10 1 16 9 17 15 3 13 3 11 15 16 13 10 10 16 16 13 3 13 14 2 5 12 9 9 19 12 18 2 5 6 
19 14 14 5 7 18 6 18 15 12 16 5 1 6 9 12 18 5 8 17 17 7 16 20 9 16 5 5 7 15 20 7 8 11 1 15 4 18 7 19 20 19 1 5 18 15 17 13 8 13 4 13 19 20 20 10 7 7 2 18 2 20 4 3 1 3 20 3 8 19 7 14 17 18 7 12 4 5 1 3 20 6 2 13 1 15 11 15 13 1 11 20 20 9 19 18 15 10 10 12 
14 4 3 6 16 13 1 14 13 12 3 6 10 9 6 9 7 2 10 20 18 18 6 11 13 10 5 9 14 9 2 16 9 17 9 17 13 3 4 4 7 10 15 4 10 9 6 17 8 5 1 6 20 6 9 15 20 5 18 14 7 17 8 14 7 19 2 5 5 9 16 19 16 12 20 1 5 15 10 9 6 19 7 10 2 14 9 12 2 15 12 2 7 18 7 15 18 5 18 13 
7 14 11 8 9 7 1 5 12 20 16 7 12 13 6 12 16 7 2 9 15 5 14 10 9 2 8 15 3 14 18 15 18 19 1 19 15 3 19 13 9 3 11 10 14 19 8 10 12 9 5 17 15 15 8 9 12 20 20 17 16 11 17 18 18 15 11 16 2 3 4 19 6 16 8 18 15 5 2 18 5 14 13 11 9 19 20 4 3 3 19 13 4 5 9 12 20 4 15 9 
3 14 10 6 3 9 1 7 14 15 10 10 17 18 9 11 11 16 16 6 8 16 6 5 5 13 12 5 15 18 10 12 15 19 3 2 2 14 11 17 19 15 15 17 2 10 8 16 9 7 5 9 16 13 2 1 8 12 20 4 17 17 20 1 13 19 3 11 7 5 15 20 8 19 9 10 13 6 3 14 19 16 18 11 3 20 18 13 8 1 18 8 13 17 2 8 18 16 3 14 
8 1 20 2 4 4 5 6 4 14 9 16 3 6 19 7 7 19 4 1 18 3 14 4 7 7 12 1 7 9 9 13 3 12 12 1 17 3 6 9 17 20 17 12 16 12 2 15 12 4 5 15 4 3 9 20 7 14 13 15 8 13 9 12 12 4 9 20 9 1 20 18 7 20 3 15 9 17 14 1 11 18 3 18 9 15 10 7 1 20 12 20 19 4 14 4 16 3 1 11 
10 10 8 4 8 10 12 4 18 13 1 10 11 2 10 20 4 12 10 11 19 20 3 12 19 10 7 8 5 11 8 2 1 9 1 16 5 4 2 1 4 9 4 10 11 11 18 12 18 14 13 10 20 18 18 5 14 15 10 5 13 13 3 4 17 13 14 12 12 8 17 17 2 16 5 15 19 5 7 4 14 15 18 8 9 8 4 20 3 11 19 6 19 11 16 5 7 4 13 14 
4 4 7 10 4 4 20 13 12 15 5 4 5 13 9 14 4 3 15 11 18 16 14 10 1 20 18 14 8 5 7 13 17 4 7 5 11 4 7 9 10 1 1 7 3 20 2 1 18 16 2 20 19 7 18 9 6 3 18 19 3 13 16 12 2 16 14 9 17 14 8 7 12 18 12 19 10 15 15 20 4 8 4 11 1 1 20 19 6 14 9 19 2 5 2 8 14 18 19 6 
19 13 7 1 3 20 5 2 2 7 12 10 6 6 16 7 4 7 2 16 5 9 1 7 17 9 5 1 15 4 9 3 2 14 3 11 4 19 6 15 7 20 15 2 15 20 17 18 5 3 17 6 19 1 17 15 8 12 1 9 19 15 5 20 9 3 13 8 18 11 4 9 12 8 17 13 6 7 5 1 17 2 4 16 15 16 20 14 15 7 19 11 4 12 14 16 5 10 17 6 
2 3 18 9 11 8 5 14 20 8 5 16 10 8 9 10 1 20 15 7 15 17 9 11 17 11 1 18 5 17 3 15 4 15 8 6 6 15 16 7 12 15 14 13 19 13 19 18 2 14 12 10 12 20 16 2 14 16 6 20 15 8 15 3 13 1 11 18 18 7 12 5 5 6 15 4 17 9 15 17 17 13 3 11 15 10 9 17 16 16 5 4 12 20 18 15 13 16 19 15 
6 19 12 9 6 7 1 8 9 16 4 3 7 14 3 5 17 15 10 6 20 2 18 1 8 18 19 4 19 20 11 15 15 10 10 20 19 10 11 15 13 1 11 18 13 20 7 9 8 19 10 17 2 15 18 1 15 20 1 9 20 9 8 10 8 9 10 4 3 7 19 7 4 18 9 17 1 20 5 18 3 10 10 19 5 9 1 17 3 15 15 4 7 1 14 19 20 5 6 17 
12 4 14 19 16 17 6 7 9 13 18 18 19 15 6 3 8 10 2 19 7 12 2 14 8 5 17 19 13 5 14 8 20 8 11 14 16 3 16 3 6 4 1 5 6 1 15 15 9 18 11 12 12 19 12 8 1 15 12 15 13 14 6 5 6 3 13 9 13 14 12 8 15 12 10 5 19 19 8 13 1 11 6 20 6 17 3 16 4 12 16 5 3 3 17 16 14 7 14 15 
7 17 2 3 18 14 20 16 15 13 1 10 13 1 12 2 18 14 16 4 11 12 14 1 16 4 15 3 20 16 12 17 14 20 3 19 4 8 6 8 13 14 10 19 6 14 18 19 3 1 12 15 4 14 4 3 6 13 11 18 18 15 3 17 16 9 4 3 12 17 18 12 18 14 15 11 12 16 17 10 2 3 2 18 16 7 7 3 17 10 10 13 19 12 20 6 3 7 11 8 
18 7 4 14 13 6 5 11 9 15 12 6 18 18 12 19 1 14 7 13 15 15 7 20 18 2 10 8 2 6 5 6 1 11 18 17 14 12 7 10 9 9 20 16 2 20 10 2 13 10 17 11 16 20 6 14 5 14 2 4 2 10 5 19 20 7 15 4 12 8 1 8 2 11 11 10 12 16 1 8 11 7 7 20 7 15 10 15 7 11 14 5 7 2 12 2 7 20 12 3 
9 7 9 6 14 6 8 4 17 11 12 11 17 20 20 3 15 10 4 6 7 9 4 11 8 18 5 1 1 3 14 13 15 3 18 2 1 11 15 15 3 14 8 18 13 6 13 7 3 11 13 1 4 14 15 18 18 18 5 17 13 13 4 12 3 8 2 11 3 10 10 18 5 12 20 20 10 7 9 15 15 20 1 10 8 7 5 1 11 19 14 8 10 18 18 11 2 9 3 13 
10 11 20 13 2 14 20 17 3 3 12 14 16 10 8 12 2 9 9 13 4 3 11 15 20 3 1 18 18 17 3 10 9 14 3 19 5 16 19 4 9 5 4 10 17 6 3 5 15 1 13 16 14 7 17 16 19 1 6 8 8 18 3 2 2 4 14 4 17 11 9 13 7 20 9 10 14 7 18 14 19 11 5 3 1 17 4 3 20 12 10 17 4 9 20 3 4 10 19 19 
19 17 2 9 7 14 15 20 2 7 10 17 20 4 13 18 6 12 17 1 10 17 13 18 8 16 14 19 19 7 8 10 10 12 6 11 5 15 3 2 10 1 2 4 5 10 3 11 11 1 6 8 3 14 14 14 1 11 7 12 9 16 17 19 5 20 4 12 4 9 19 16 7 9 9 18 9 10 2 6 14 14 9 19 1 3 19 6 7 15 18 19 9 6 20 18 9 2 10 19 
13 7 2 6 16 9 13 6 3 2 14 20 18 3 12 10 4 13 8 17 7 7 16 11 15 10 10 20 8 6 7 6 18 15 16 6 1 3 3 13 17 16 3 18 7 12 6 20 14 6 14 18 7 6 3 1 5 5 6 6 16 5 10 9 13 12 19 7 18 3 3 13 7 8 18 3 4 2 15 7 20 16 11 17 13 15 16 17 1 14 8 15 4 20 14 16 7 6 12 7 
4 14 11 2 12 3 6 20 5 10 20 18 8 19 19 4 12 6 15 2 15 17 13 18 13 7 17 17 14 1 13 4 4 1 17 1 11 12 8 1 8 5 12 19 12 15 1 19 8 18 17 17 12 17 4 4 9 12 4 11 6 8 7 7 19 6 10 4 8 11 17 19 12 20 8 8 20 7 5 14 2 18 15 11 4 18 13 4 15 4 6 16 10 9 1 1 17 5 11 2 
13 20 15 11 13 17 13 8 2 19 5 6 12 19 11 12 16 7 8 8 5 6 5 14 19 4 6 1 10 18 20 17 16 2 18 18 19 11 18 6 13 11 9 3 2 9 12 10 17 20 3 13 17 12 10 15 6 5 3 1 19 16 4 15 6 15 20 2 7 18 1 4 6 15 19 15 5 13 16 3 4 11 17 16 3 5 9 8 20 5 18 16 11 16 20 14 13 6 19 5 
13 18 10 19 16 6 19 11 7 13 2 10 4 12 11 4 11 7 3 8 1 5 13 20 4 8 18 11 14 17 8 14 5 2 8 8 6 14 20 20 15 14 13 8 17 20 5 6 13 2 16 16 17 6 8 9 11 15 8 17 11 17 11 12 7 14 5 4 4 19 1 10 3 1 14 13 4 3 16 2 20 14 19 17 19 15 18 16 5 14 9 6 1 11 10 8 15 10 8 12 
15 4 15 6 5 5 17 13 16 19 9 6 2 12 6 17 18 8 15 11 4 17 13 20 18 19 4 11 19 7 16 12 11 2 19 13 19 2 15 4 18 19 2 11 18 17 10 17 9 6 20 18 5 9 19 14 9 10 5 20 20 17 3 20 9 9 15 18 18 4 16 8 7 20 9 4 7 10 15 14 7 20 10 17 4 20 11 3 9 3 9 9 9 17 2 10 15 11 12 6 
18 13 10 11 9 18 11 20 11 2 20 3 20 14 16 3 19 20 12 15 17 15 15 3 9 4 9 15 2 7 5 3 7 12 9 11 17 16 1 4 5 10 19 4 2 9 4 6 7 2 5 11 7 14 13 19 16 7 6 14 13 20 4 9 11 12 15 16 8 12 9 18 13 18 17 12 9 5 8 8 11 18 1 9 12 15 5 19 15 15 2 3 18 15 12 8 15 10 5 9 
17 15 19 18 5 12 14 5 16 18 19 18 1 15 10 16 17 12 11 9 13 6 9 12 5 20 13 20 14 13 13 18 12 6 16 8 14 3 20 10 17 7 4 9 11 20 17 20 16 20 8 17 15 10 10 19 2 6 16 14 5 11 11 11 2 12 1 4 19 9 5 8 11 16 17 20 3 2 6 17 12 4 19 4 18 6 13 20 6 7 6 1 8 9 5 10 12 5 7 18 
10 10 20 7 5 1 7 18 8 6 14 16 12 20 18 7 17 15 16 2 19 10 6 17 5 19 10 2 11 20 1 3 9 4 4 5 20 19 15 15 3 15 8 8 3 2 5 20 2 20 17 16 17 6 7 3 11 9 7 19 5 15 11 1 14 18 10 12 17 15 5 2 2 11 10 16 20 13 11 1 15 16 5 9 5 4 18 16 4 12 9 3 1 15 5 7 11 9 9 19 
14 12 15 5 9 9 7 13 13 15 20 3 9 4 14 1 1 20 5 17 10 4 17 16 6 11 14 9 16 8 16 6 15 19 4 7 16 18 8 3 17 1 12 16 9 1 4 3 19 20 19 19 2 18 15 11 15 14 19 13 6 7 3 2 16 3 2 19 6 5 5 13 16 4 2 10 7 12 7 1 14 8 5 8 16 11 7 3 17 17 11 2 19 18 11 7 11 15 18 12 
14 7 12 5 15 10 17 19 18 12 14 9 17 10 8 18 11 4 20 16 10 2 7 18 14 6 13 19 12 18 4 13 12 18 19 10 9 10 14 17 9 8 8 19 15 1 2 6 11 11 8 9 15 19 14 18 1 16 1 14 4 19 15 4 2 11 13 6 8 8 11 19 17 5 9 18 20 19 1 1 10 9 13 12 4 13 3 20 9 9 19 3 2 16 8 19 15 20 17 16 
2 11 2 6 12 5 15 9 5 3 16 19 19 1 13 2 14 20 5 13 14 4 7 10 11 17 3 7 8 6 4 3 20 13 20 4 19 7 18 14 4 13 10 12 9 3 19 17 13 11 5 18 3 2 6 12 3 16 19 3 13 5 9 6 1 19 19 17 9 10 19 2 4 16 19 5 6 2 10 18 14 11 4 20 9 18 19 11 11 2 11 5 5 1 19 11 15 14 20 10 
12 16 6 5 2 14 8 18 9 3 15 13 18 13 7 17 5 13 10 8 6 12 4 7 19 9 10 9 8 12 11 14 7 15 15 18 17 5 5 3 11 8 2 6 12 6 12 5 6 9 15 5 2 16 17 15 10 15 14 5 7 7 19 5 1 15 12 9 15 15 10 4 12 6 18 11 5 20 17 3 7 8 3 15 13 7 7 8 16 14 20 8 6 11 16 13 8 10 8 2 
18 14 1 19 7 20 2 5 19 6 9 13 4 20 13 6 8 13 7 9 8 14 5 4 5 14 8 9 20 8 20 16 10 19 18 3 15 3 18 1 20 17 20 20 10 6 17 20 6 15 12 3 6 13 12 1 1 1 18 13 14 15 1 8 12 5 7 8 13 9 4 12 9 11 9 13 12 14 2 1 15 14 4 2 8 20 14 18 17 8 7 9 18 11 10 20 3 2 14 1 
7 13 3 4 5 18 6 1 7 8 3 19 11 8 17 7 1 8 4 16 5 4 8 15 4 1 16 20 13 17 2 14 17 20 16 7 20 7 8 3 20 11 1 8 3 20 5 11 13 20 14 19 7 16 7 19 10 15 15 3 10 5 17 6 18 13 16 3 19 17 4 2 18 18 9 13 18 7 9 19 18 20 7 12 19 2 12 1 11 16 16 11 12 3 10 3 5 17 17 3 
6 18 1 2 17 9 20 12 4 2 1 6 19 2 15 11 19 1 9 3 20 14 8 14 4 3 13 1 2 17 12 15 18 9 2 6 9 18 6 16 5 1 8 10 16 10 12 19 8 4 2 1 6 7 13 5 2 14 18 4 13 6 14 3 6 13 16 1 18 20 15 16 13 15 9 1 8 10 11 17 4 6 12 16 18 17 6 13 17 9 13 4 2 20 19 19 12 6 8 10 
17 16 5 11 5 2 14 5 1 18 2 12 1 2 4 2 16 18 20 4 13 8 5 11 11 11 9 5 4 20 6 7 16 10 4 10 13 3 10 8 10 5 20 12 17 7 19 14 3 17 6 19 1 20 16 12 18 3 14 11 18 15 16 1 3 1 16 13 18 9 11 20 7 8 8 9 1 9 15 3 6 17 9 5 11 18 11 1 17 12 11 7 15 17 9 7 18 9 4 14 
2 14 1 2 10 16 6 19 6 15 9 6 1 7 9 11 18 12 11 1 10 2 10 6 7 1 11 15 14 12 9 5 13 4 5 7 11 4 12 16 4 9 9 16 18 2 5 5 16 7 10 4 17 3 15 15 18 3 10 3 13 5 11 9 17 8 5 20 17 3 4 4 16 2 20 9 3 19 19 19 9 10 10 2 20 15 13 5 4 12 12 10 20 13 5 2 17 16 2 10 
8 14 19 4 15 16 15 17 19 18 19 2 17 19 17 16 10 12 4 10 1 12 6 2 9 8 6 6 19 5 9 10 2 1 1 6 18 12 3 8 13 18 15 1 19 14 6 1 19 6 3 5 2 10 1 12 15 16 19 18 2 3 13 4 9 2 13 11 15 13 17 16 11 19 5 5 10 6 20 15 16 18 7 8 10 14 12 18 18 4 14 20 19 16 6 11 1 20 8 10 
18 12 20 3 14 12 19 17 1 15 9 17 19 7 11 11 16 2 2 2 16 5 13 20 16 2 5 11 20 18 7 19 5 10 2 10 14 3 15 10 1 8 18 2 16 13 17 9 20 8 10 7 16 13 6 9 19 3 5 11 19 8 20 7 9 20 20 5 15 7 2 12 13 4 19 13 9 19 7 8 13 2 11 14 6 1 17 20 12 7 14 19 14 10 5 9 9 2 11 16 
4 12 10 7 5 9 2 4 14 19 4 12 4 15 17 6 19 17 2 15 4 11 12 10 6 3 20 13 6 2 7 3 7 6 15 19 13 10 13 13 12 19 11 13 11 4 3 12 8 19 17 2 5 20 3 14 4 19 7 1 5 7 1 13 7 17 8 11 4 10 9 7 5 20 1 17 18 12 2 18 9 19 3 18 1 8 3 7 8 13 10 18 6 12 7 3 5 16 12 6 
5 6 15 15 18 10 15 17 11 10 17 19 4 16 15 4 9 10 6 11 17 3 8 5 12 17 20 16 19 12 18 17 18 7 6 9 12 10 10 20 16 8 19 1 7 1 11 13 16 8 1 3 13 3 13 11 7 17 4 1 8 3 4 12 20 12 18 20 1 7 18 18 9 18 11 20 2 11 13 14 6 5 6 13 14 12 17 20 16 17 12 12 3 6 19 17 19 15 18 11 
16 19 3 12 2 17 8 19 3 3 14 1 1 19 19 17 1 16 10 15 7 14 20 9 5 2 17 3 12 7 13 7 10 18 20 7 15 1 10 17 2 18 11 16 18 2 17 2 13 6 5 5 10 4 7 2 7 14 11 2 19 20 9 12 2 14 13 20 17 17 8 19 10 5 4 1 5 19 9 13 11 18 5 18 14 1 2 18 4 14 4 15 18 20 5 17 3 3 11 18 
12 20 13 9 7 19 9 11 17 8 15 14 5 9 15 12 11 10 20 9 12 16 6 3 8 7 7 14 5 9 12 2 16 7 16 15 13 7 9 14 2 5 7 15 13 1 12 12 7 8 5 14 5 16 6 1 18 20 11 10 10 1 1 20 3 9 10 6 3 15 12 4 8 5 12 14 13 3 1 3 5 16 14 16 9 13 1 17 17 10 18 4 11 7 19 17 14 6 5 20 
14 6 4 5 19 2 9 12 20 19 10 20 1 6 6 8 19 4 8 20 6 7 7 2 12 6 17 1 5 14 11 10 18 15 8 12 5 8 6 10 10 7 18 8 11 4 14 1 10 19 6 15 1 4 17 16 20 3 10 2 11 2 12 11 9 10 11 6 11 14 12 16 19 16 15 15 11 3 9 3 15 10 14 18 14 20 13 9 5 2 3 10 4 13 6 8 14 6 20 13 
10 12 9 16 6 18 1 18 2 15 16 5 6 10 6 12 13 19 7 14 2 3 8 2 19 6 6 12 20 13 19 10 1 6 6 4 7 6 13 8 6 11 18 11 18 1 11 3 20 1 17 10 15 15 9 6 8 17 20 5 18 11 12 5 9 13 20 15 8 5 4 1 11 6 12 6 16 10 17 4 15 11 12 9 1 12 12 9 10 4 10 5 15 8 18 9 2 13 19 11 
8 15 10 3 19 18 15 12 3 19 13 4 17 10 19 7 3 11 20 5 17 10 19 16 12 11 14 3 2 13 1 15 4 19 2 3 3 2 14 1 13 15 5 3 6 2 9 18 6 19 15 11 8 8 11 18 8 10 20 10 13 4 17 19 4 20 6 13 4 20 6 3 12 10 17 2 4 2 5 8 5 10 20 12 18 3 6 17 8 2 4 12 9 2 1 13 16 4 13 11 
3 16 4 14 8 8 5 8 16 16 9 19 3 18 1 20 19 20 10 11 2 16 19 13 12 8 9 8 1 15 12 14 15 17 11 15 18 5 19 10 16 16 12 12 20 12 9 12 11 7 5 16 18 12 11 4 7 5 4 7 17 16 3 10 10 11 13 16 15 12 7 15 15 1 19 16 18 1 10 3 10 4 15 1 3 17 12 7 5 20 18 2 8 1 20 11 4 19 19 7 
20 11 19 20 15 17 12 2 15 4 7 20 18 14 1 16 18 6 18 19 4 3 9 4 13 6 15 15 16 13 4 20 11 5 7 19 9 16 13 13 8 2 12 14 11 14 2 9 2 4 13 4 18 12 1 15 12 10 20 6 12 20 12 17 7 14 10 15 19 10 15 5 12 5 3 17 8 4 3 18 11 15 5 4 9 10 16 12 7 1 12 4 15 10 14 9 1 15 3 3 
15 6 8 10 9 2 17 17 5 11 9 9 5 14 1 18 16 3 1 5 5 6 15 10 11 2 7 6 1 18 13 3 11 6 7 17 16 7 14 10 12 19 1 11 9 3 8 20 5 17 6 19 19 3 10 14 14 20 11 20 15 20 6 15 7 16 5 18 12 4 19 2 19 15 20 17 3 1 8 9 16 8 19 13 11 13 7 15 3 7 4 3 5 11 6 15 5 15 6 17 
14 10 19 12 9 15 5 20 17 15 1 4 13 11 1 12 5 17 9 16 6 13 9 18 8 3 5 2 6 6 4 3 18 2 4 17 8 12 18 13 16 1 12 19 11 2 11 19 3 2 1 9 20 12 13 1 17 3 15 1 12 6 8 15 19 1 18 9 10 18 15 4 4 2 14 9 17 8 15 14 9 16 9 9 9 1 2 7 19 17 4 12 6 10 11 18 3 18 5 11 
13 14 7 16 9 17 18 2 7 6 19 20 17 16 12 20 20 3 5 1 7 13 19 15 18 13 8 17 16 13 10 1 1 9 13 17 8 15 12 1 10 11 14 3 4 13 12 1 11 1 20 10 13 16 14 7 17 12 14 10 16 9 9 15 15 19 6 4 11 13 17 5 7 13 1 15 3 18 19 3 8 10 14 15 11 13 17 8 12 3 4 16 18 1 11 1 9 12 20 2 
16 5 7 3 18 7 17 14 19 3 17 15 12 5 1 9 13 17 11 17 13 14 5 12 2 7 19 3 13 1 11 18 19 7 12 8 1 12 16 11 19 1 11 9 3 13 3 6 15 11 16 14 9 8 14 14 5 8 9 5 8 14 19 11 13 13 9 13 11 12 5 5 15 8 15 10 8 16 14 17 12 3 16 4 20 2 14 1 16 10 13 8 19 8 20 14 7 19 19 1 
3 19 16 19 17 18 12 19 6 20 17 12 18 14 14 20 13 13 1 19 16 7 2 15 5 2 8 4 20 18 6 1 7 17 20 2 19 6 9 17 8 4 10 11 6 8 2 16 11 9 12 11 17 19 6 4 19 15 14 19 10 5 8 18 3 13 13 6 7 15 5 18 3 2 2 19 19 20 2 20 4 20 4 5 5 11 9 16 12 1 2 18 18 15 20 4 5 17 19 15 
16 8 2 14 2 9 3 16 14 3 4 2 18 7 8 9 20 1 5 13 20 18 18 13 11 13 12 4 2 18 1 19 17 17 19 16 12 12 7 3 18 20 6 4 18 12 20 12 15 8 6 1 14 10 9 11 9 19 12 19 6 11 20 14 2 18 16 9 1 9 15 2 5 17 5 15 17 17 15 14 15 13 4 14 19 17 10 18 5 16 18 9 13 3 1 4 17 17 16 6 
16 13 6 8 12 7 10 17 11 1 6 16 3 16 16 3 18 8 5 1 13 18 4 20 15 6 17 8 12 16 18 18 15 14 19 14 3 20 16 9 18 1 11 8 2 14 9 5 8 3 1 19 7 2 19 19 11 9 17 4 7 1 19 19 13 9 15 16 6 1 18 17 4 11 14 3 7 10 11 16 12 17 3 1 9 14 11 18 8 5 20 6 9 7 14 8 16 4 13 1 
1 8 6 3 15 10 20 5 11 15 5 9 4 6 15 1 11 14 10 1 20 7 20 16 11 7 14 15 4 5 17 17 17 16 7 9 16 3 9 7 17 10 6 19 20 3 16 5 19 12 4 13 13 2 15 10 6 5 15 9 10 15 14 11 18 5 8 16 8 10 18 4 9 4 9 20 18 11 17 16 5 2 1 3 9 6 5 15 10 16 17 3 9 17 10 4 8 2 16 7 
3 16 9 7 20 17 17 4 4 20 10 16 5 19 5 10 11 16 19 8 20 16 10 10 1 18 16 2 13 11 1 14 14 2 20 9 10 7 6 15 18 3 5 6 1 1 11 18 2 17 11 6 20 8 20 9 14 14 7 4 3 15 14 7 7 9 11 14 10 3 8 10 20 7 19 12 13 8 10 11 5 14 18 13 3 20 2 2 3 19 9 9 8 18 3 1 19 16 14 9 
14 13 5 7 1 12 1 14 1 2 3 2 15 17 12 6 3 17 5 3 12 14 13 8 6 11 11 16 5 15 5 12 13 15 10 17 14 20 13 18 7 16 10 2 14 15 2 19 1 9 17 8 11 4 18 17 18 15 15 15 14 7 17 14 15 18 17 7 18 15 2 5 9 11 12 3 20 20 8 16 10 3 11 20 17 19 3 2 16 15 17 3 17 2 4 2 13 3 7 11 
5 12 2 12 12 19 13 7 10 4 15 16 12 10 16 7 8 17 11 3 17 4 12 20 1 5 13 1 11 7 15 12 10 18 3 5 9 1 20 13 20 2 4 15 3 4 16 9 8 19 4 16 1 4 6 3 4 5 8 9 8 18 5 16 17 3 17 1 3 4 1 17 14 19 8 19 15 5 7 17 12 7 15 6 11 16 17 12 6 12 17 12 4 16 9 11 14 10 2 2 
18 8 3 15 18 6 7 2 2 16 11 2 2 9 6 14 10 15 14 14 8 1 3 8 15 16 6 4 15 1 7 10 9 17 20 12 9 8 1 13 12 16 14 3 8 11 5 1 13 3 6 4 3 5 18 17 13 6 18 19 15 13 17 16 19 2 18 20 13 19 20 18 9 8 5 3 18 18 7 17 9 16 15 12 9 5 18 19 16 6 5 14 11 9 5 13 12 8 16 1 
18 12 1 19 20 18 5 11 15 5 5 4 13 18 6 12 20 19 1 12 1 12 11 19 3 20 19 15 17 3 9 2 14 3 15 12 10 17 2 9 2 17 15 9 15 7 15 8 17 6 9 5 16 10 17 16 2 13 2 6 1 16 3 5 6 16 13 19 1 3 3 3 11 5 17 14 4 16 3 17 12 5 18 11 2 15 8 17 3 4 15 14 6 11 2 16 7 10 18 20 
18 15 7 7 9 8 18 15 13 1 12 12 5 10 12 10 17 4 16 7 20 10 9 8 5 8 3 12 20 4 7 15 14 17 13 17 1 3 17 3 8 6 14 19 4 17 17 19 9 17 15 12 5 7 14 1 20 16 14 2 13 19 1 7 10 13 9 7 2 11 2 7 20 18 11 14 3 10 6 1 9 9 11 5 12 14 11 11 3 3 9 19 8 19 2 12 12 16 8 15 
14 5 2 14 1 7 4 17 2 13 14 12 19 20 4 12 17 11 2 4 16 6 19 9 14 11 9 3 2 13 3 17 18 13 6 2 18 19 11 6 9 19 9 16 19 12 18 9 4 7 11 2 14 19 5 18 7 7 15 15 16 11 20 2 20 19 13 18 8 19 13 8 8 18 11 17 10 18 3 4 1 4 14 10 2 18 19 17 8 15 16 12 20 11 10 20 3 3 20 14 
18 19 4 17 5 15 17 20 9 1 13 18 2 15 8 5 7 12 12 1 14 1 9 9 18 16 5 8 11 8 8 2 5 6 11 2 1 20 20 1 8 19 3 4 17 14 9 12 11 5 17 12 4 16 6 10 1 9 7 12 3 10 17 4 12 11 7 4 15 10 20 17 12 15 4 17 7 12 3 14 3 9 18 13 16 9 15 10 7 10 9 15 2 10 16 5 9 15 9 16 
10 6 11 17 10 9 4 14 13 19 1 17 4 3 15 10 5 15 2 13 17 7 4 16 13 19 14 6 18 6 14 15 4 11 15 19 4 19 15 20 3 6 2 13 19 11 18 7 1 14 6 11 19 17 13 13 20 10 5 15 7 11 7 5 4 9 15 7 15 1 5 19 11 6 6 16 4 20 8 16 2 17 9 8 2 20 11 5 20 6 7 10 10 19 10 17 10 20 9 1 
18 3 4 10 19 15 14 8 12 12 19 3 10 19 16 13 14 8 17 20 1 14 7 17 8 1 3 14 2 10 16 7 15 8 12 2 19 4 8 18 3 12 6 12 2 9 3 6 12 2 16 11 11 16 6 5 17 11 16 13 7 1 16 1 15 10 3 7 10 4 14 6 10 2 5 2 14 9 18 12 8 15 4 7 7 3 8 10 20 10 18 9 18 17 2 1 6 12 5 4 
10 20 4 8 9 9 10 15 15 14 19 15 2 17 2 10 3 16 17 12 20 4 20 10 2 15 9 8 8 17 3 9 7 10 10 5 17 9 16 19 3 5 8 13 10 9 7 1 20 8 6 15 6 1 20 10 14 18 20 12 8 20 1 12 7 10 6 19 5 9 4 6 3 2 16 1 6 12 17 6 19 10 16 17 5 10 3 12 17 4 15 20 18 15 4 13 18 15 8 3 
17 13 6 3 16 20 8 6 2 8 7 18 1 15 11 15 17 12 16 1 17 1 15 13 14 18 6 9 10 7 13 4 13 8 15 3 10 17 2 14 14 5 15 13 18 18 15 15 15 18 13 2 18 6 3 14 7 17 15 13 5 2 17 3 8 4 10 8 20 15 8 9 19 20 13 14 8 19 20 1 20 13 14 4 11 13 20 19 2 6 19 11 3 3 12 4 5 1 11 20 
9 12 18 11 4 5 20 17 13 19 1 2 20 15 8 9 3 2 19 4 8 16 6 19 16 12 6 1 17 17 7 6 15 1 10 10 8 10 17 11 20 13 2 1 15 13 15 15 1 1 13 14 13 4 5 13 7 14 10 5 4 2 13 20 8 2 2 6 4 16 1 8 5 17 17 9 9 6 1 20 1 12 19 8 2 14 4 6 14 7 19 17 13 5 2 17 2 10 1 14 
15 20 14 13 10 8 4 3 4 15 16 19 16 5 7 20 9 12 1 12 16 17 18 18 15 19 10 14 15 2 2 7 11 6 9 17 3 6 3 20 6 3 20 7 10 17 20 5 14 17 9 6 15 2 1 1 16 8 8 19 12 12 4 15 17 19 14 8 20 11 16 4 8 6 12 1 1 17 11 14 4 19 18 4 20 6 17 16 14 2 10 1 17 19 5 8 12 7 5 1 
16 6 2 12 5 11 18 5 14 1 6 18 13 3 10 9 16 9 3 5 2 12 16 5 5 5 12 8 5 10 16 18 1 17 2 7 15 19 8 7 4 15 14 1 14 7 6 10 19 13 9 17 19 13 9 1 7 12 17 20 19 3 2 16 3 10 9 10 1 19 19 19 3 6 1 20 16 12 8 13 8 14 18 13 8 20 13 11 9 9 8 2 9 2 12 3 11 5 3 14 
16 15 13 7 12 19 2 9 19 8 12 19 14 16 1 7 13 13 13 19 17 14 6 6 9 20 4 9 2 20 14 19 17 12 16 2 8 3 15 11 20 18 15 12 17 10 19 11 3 20 17 14 13 17 4 8 11 16 4 6 4 14 8 2 19 7 8 10 13 19 1 15 13 16 10 10 11 9 6 8 8 14 8 11 14 3 3 13 7 5 19 10 4 12 5 11 18 18 16 16 
4 12 6 19 14 4 3 14 9 13 4 11 4 12 10 3 11 8 17 13 7 11 9 8 13 3 18 18 6 15 11 7 11 15 13 18 7 19 18 19 17 9 11 5 20 19 13 6 6 6 12 16 15 8 15 20 15 15 14 15 11 17 9 13 15 18 10 18 19 1 7 9 13 12 11 6 13 12 17 12 1 14 4 17 10 1 6 17 2 18 10 4 20 14 5 4 15 17 8 12 
1 20 12 17 18 6 4 13 4 2 15 11 10 11 16 3 13 13 18 13 7 11 10 4 12 20 19 16 3 20 3 4 8 17 7 1 16 16 14 7 4 13 9 16 5 19 20 6 15 18 5 14 1 11 20 5 5 13 2 19 5 11 12 11 15 6 7 2 19 12 16 3 15 19 16 13 2 20 19 15 20 8 4 9 13 5 10 1 14 1 2 2 4 10 1 14 6 20 2 1 
17 8 4 2 13 7 7 1 6 6 1 19 20 13 3 5 7 18 9 11 17 10 19 15 20 9 17 17 6 2 5 5 18 7 8 10 12 13 5 5 12 1 5 20 18 8 15 9 11 11 7 18 5 2 5 8 4 16 17 5 7 1 5 10 12 20 3 10 8 4 4 4 14 11 3 17 14 12 1 8 17 19 13 1 15 5 16 8 8 13 3 18 5 2 9 6 18 8 11 18 
1 8 5 11 14 16 13 12 3 20 14 16 7 11 14 17 15 3 9 8 4 17 14 2 13 15 6 7 15 1 11 5 6 1 1 14 7 15 9 13 18 18 9 16 11 20 20 4 15 10 13 12 5 2 3 5 16 5 15 4 6 5 17 12 5 17 5 13 15 5 11 9 7 5 18 9 4 7 4 13 10 10 7 18 9 19 14 10 19 20 4 3 5 9 1 17 9 13 9 1 
2 1 12 10 11 19 15 20 1 8 11 10 7 17 7 5 7 10 14 1 7 1 20 14 16 1 19 20 12 16 11 13 10 15 1 18 6 16 20 6 13 1 13 12 4 19 3 17 5 15 15 1 6 20 15 15 3 20 8 14 7 5 20 17 15 18 18 17 16 16 4 5 13 16 5 12 4 7 8 19 13 6 8 11 20 20 6 8 13 8 10 13 4 15 18 19 13 12 1 3 
9 18 17 4 15 19 16 6 15 2 18 2 10 10 4 17 16 8 5 11 19 5 6 17 5 5 8 4 4 13 12 14 12 19 6 10 9 11 16 16 15 1 18 2 4 16 13 16 1 13 3 5 19 5 11 20 13 10 13 7 15 6 13 13 10 11 4 7 9 11 19 6 4 16 5 7 9 9 4 13 3 14 7 11 20 10 16 19 9 11 5 6 16 13 19 4 4 11 16 13 
12 4 8 16 8 8 5 20 15 5 14 4 10 3 7 4 9 9 16 7 15 12 19 10 8 15 15 2 16 20 7 9 14 19 17 3 16 16 20 20 19 3 9 8 20 7 18 15 7 20 20 3 16 7 6 2 7 14 20 6 11 15 7 14 7 3 16 9 13 15 18 8 15 3 13 15 12 8 6 1 16 6 8 15 2 1 6 2 20 8 20 10 19 10 9 16 5 13 9 5 
17 2 7 15 2 9 3 15 6 11 9 8 12 17 8 14 13 6 8 10 6 5 18 13 12 9 17 12 13 1 9 20 5 4 15 16 14 7 19 9 2 16 6 5 11 4 17 5 6 12 14 3 18 18 17 4 1 10 9 10 14 7 2 9 17 15 15 13 16 16 5 3 9 13 20 15 10 11 15 9 1 11 14 15 5 4 1 16 3 13 19 9 4 4 3 10 5 18 20 3 
8 3 19 13 3 12 16 6 16 20 10 18 20 7 16 5 2 17 17 14 7 14 12 1 18 12 7 18 17 12 3 11 13 13 19 11 9 9 6 8 5 15 19 6 13 19 18 13 7 19 2 3 18 19 19 2 16 8 15 8 3 17 11 18 6 13 16 18 16 6 7 8 14 6 9 5 14 20 5 15 11 16 11 19 19 15 19 7 10 7 15 19 19 12 10 20 7 17 10 18 
1 5 18 20 13 3 6 11 18 8 10 18 3 14 2 11 19 4 2 10 16 11 7 2 13 3 18 19 19 15 6 7 14 4 11 15 2 17 19 13 11 7 17 16 17 2 6 6 4 16 17 9 9 8 5 19 18 11 20 12 13 2 18 13 7 2 16 5 8 12 10 12 20 10 18 15 4 10 8 20 13 9 20 18 5 12 19 13 17 9 1 1 4 5 7 2 8 8 19 8 
2 12 13 10 17 9 3 12 18 12 16 3 20 3 8 10 7 8 1 7 7 13 7 1 9 8 2 16 12 20 18 16 5 4 12 7 16 3 19 10 7 5 2 19 4 11 14 18 4 7 17 5 12 19 10 13 2 20 7 19 10 6 11 1 10 20 20 17 3 19 5 8 14 18 14 10 1 13 1 11 18 2 12 10 5 20 6 10 18 19 3 11 8 13 10 1 10 3 6 1 
8 3 1 5 4 1 6 14 3 6 16 1 10 12 20 1 15 14 18 3 2 2 9 18 8 19 14 10 14 2 8 7 4 19 18 7 15 9 2 18 11 18 14 13 10 7 12 13 5 1 19 4 8 14 9 8 15 17 7 15 5 13 18 19 16 16 19 12 6 4 20 1 4 14 14 3 8 15 19 12 3 19 9 3 2 5 17 18 8 15 8 20 8 2 10 3 1 9 13 15 
1 1 20 20 2 15 9 1 11 2 15 18 1 11 17 19 11 20 11 1 8 7 8 11 20 16 10 19 10 11 5 16 15 13 12 4 4 14 7 14 1 5 14 17 19 8 16 18 7 18 2 4 11 10 13 17 17 20 11 14 3 9 14 10 3 9 19 14 18 13 17 16 20 12 6 16 20 15 4 7 9 18 18 17 14 5 13 3 8 10 7 1 9 7 10 3 16 19 7 2 
6 7 19 11 4 18 3 20 12 18 3 12 8 19 17 17 11 7 19 6 16 2 6 5 17 9 12 11 12 14 16 14 4 8 7 17 7 11 10 20 15 12 19 17 11 11 3 20 17 1 16 9 19 2 12 18 4 20 6 10 2 4 9 14 18 11 18 14 10 6 10 1 13 20 18 20 4 6 9 16 9 8 6 11 13 6 3 3 3 8 8 20 2 1 17 10 13 19 19 13 
14 2 9 16 9 3 15 12 18 7 2 15 19 14 10 15 9 6 8 10 16 10 8 10 3 14 1 5 10 4 10 8 3 11 8 18 17 14 6 17 12 15 16 9 1 6 20 15 15 13 15 12 4 15 3 15 5 20 18 20 20 18 17 15 9 2 1 9 8 19 7 8 10 2 4 9 9 4 9 12 11 7 20 15 6 10 11 16 19 2 16 5 20 8 19 15 12 7 1 18 
19 5 1 8 2 19 1 14 1 9 13 12 20 19 20 15 13 13 8 2 17 8 6 13 15 7 8 9 12 11 10 9 15 15 18 7 7 18 5 9 9 19 11 16 8 15 10 5 7 8 9 11 12 5 10 14 2 14 13 20 9 16 1 14 19 10 2 12 17 3 7 13 8 7 18 10 12 3 15 4 13 16 9 17 9 5 1 6 1 20 12 9 18 9 12 9 1 15 9 10 
18 20 13 10 5 16 6 8 12 13 15 13 11 15 19 15 11 4 6 16 2 17 13 7 1 2 14 4 15 15 12 14 10 6 5 3 2 11 11 17 13 13 14 18 14 3 9 20 2 17 4 5 13 10 11 2 7 6 1 8 16 19 17 1 14 16 1 18 5 6 17 14 8 19 2 19 12 11 3 19 5 12 10 8 16 11 10 11 7 18 1 9 9 3 16 16 14 15 17 18 
1 4 20 19 2 3 12 3 19 8 12 10 16 5 9 19 20 17 12 19 7 5 13 18 17 5 17 7 18 16 7 3 3 16 1 18 16 4 8 2 1 11 18 9 18 13 6 15 9 9 7 19 9 19 20 6 20 6 13 1 16 5 12 11 15 1 5 11 5 5 1 11 11 15 3 8 16 3 5 19 15 2 5 16 15 7 13 12 12 6 16 17 10 1 13 3 1 5 17 9 
17 8 12 3 9 19 13 10 18 13 11 7 12 12 7 16 9 19 12 18 20 18 11 19 3 10 19 15 15 8 16 8 7 3 19 5 17 6 2 5 7 1 3 15 18 10 3 5 12 3 14 6 12 6 20 20 17 14 18 2 10 6 12 18 19 9 13 14 4 3 15 4 14 17 14 17 11 14 4 3 17 20 4 9 8 4 12 17 16 17 15 11 19 8 4 18 16 20 11 9 
9 7 19 13 14 9 2 16 16 15 3 6 17 18 9 4 10 6 15 8 19 13 16 13 14 16 8 9 19 17 1 18 19 18 7 1 16 11 2 1 7 19 11 11 15 19 19 9 20 12 13 6 14 12 2 14 17 3 15 3 12 8 2 2 3 17 14 3 3 3 5 2 17 11 3 11 8 19 19 2 1 6 8 19 9 9 9 9 18 6 1 17 15 4 9 12 17 9 16 15 
14 10 1 17 8 17 11 14 17 16 9 8 9 20 8 9 2 15 12 3 2 8 3 20 20 6 15 12 2 11 4 11 20 4 7 11 8 6 20 6 8 17 11 10 12 7 7 6 10 3 11 2 13 13 15 13 17 5 7 20 5 10 3 8 1 7 17 18 16 5 20 17 1 10 2 3 6 20 19 4 12 8 4 1 10 11 18 7 7 14 10 12 3 6 7 16 16 15 10 2 
20 16 9 1 9 10 5 12 15 1 15 7 5 5 8 4 5 9 5 2 12 8 6 15 13 10 4 11 15 19 20 2 12 12 11 12 8 4 6 13 11 16 19 6 5 15 5 17 13 13 8 12 10 8 18 14 14 2 1 19 8 15 16 2 19 11 12 16 10 6 18 17 19 11 13 15 11 14 6 6 10 3 3 13 2 2 13 12 5 13 8 14 9 9 11 3 20 19 9 15 
11 16 3 14 5 19 8 17 3 2 18 20 13 9 18 12 12 13 3 4 14 10 1 12 7 20 8 10 20 9 10 13 6 5 7 2 11 18 1 20 16 9 4 9 2 16 20 2 20 11 2 14 3 18 2 10 5 2 13 19 8 18 2 19 1 9 14 20 7 10 4 2 10 14 15 2 12 9 18 20 11 16 6 4 5 20 16 8 14 12 11 20 6 1 8 9 17 20 12 1 
11 8 17 20 13 19 9 12 9 8 6 16 1 5 19 2 14 9 8 16 1 2 17 12 8 6 13 11 9 9 2 17 4 2 6 17 3 1 1 17 2 5 17 18 20 2 8 1 1 8 4 14 15 14 14 12 4 12 18 13 20 5 9 11 7 9 2 7 4 8 4 5 4 4 10 3 6 20 7 12 6 19 5 11 18 11 10 8 2 2 11 7 8 20 16 4 8 18 13 8 
4 8 5 16 12 8 16 18 19 18 13 11 16 2 10 15 11 15 9 8 10 13 5 5 14 12 19 11 16 7 17 19 13 12 16 4 10 12 18 10 16 10 19 5 11 9 10 1 1 19 4 20 19 13 7 4 20 12 10 13 13 13 17 8 8 5 20 7 17 3 5 6 18 9 15 9 2 3 18 8 16 10 4 14 2 14 10 14 7 20 7 2 13 3 4 5 8 16 12 10 
0 18 34 18 19 31 16 26 47 24 27 69 42 17 21 26 24 31 20 35 18 68 21 21 33 16 53 55 26 37 25 57 28 33 41 5 29 38 27 41 56 38 35 25 35 23 8 35 9 28 57 39 45 30 21 13 50 19 45 44 36 17 38 25 38 10 43 28 43 32 11 13 49 40 40 24 57 45 16 34 56 38 25 43 7 34 17 39 43 21 14 33 48 49 38 26 5 64 23 43 16 
18 0 46 36 37 19 4 8 29 6 27 51 24 35 31 22 6 49 38 21 34 50 37 39 23 34 35 37 32 19 7 39 10 51 29 23 47 44 45 23 74 20 17 43 53 41 12 53 23 10 39 21 27 12 39 27 32 13 27 26 54 35 56 43 44 20 33 10 25 50 29 31 31 22 34 30 75 27 34 52 74 30 17 25 25 52 35 25 25 39 14 51 30 31 20 32 23 46 15 61 34 
34 46 0 36 53 27 44 52 75 40 55 35 24 25 49 24 52 65 52 63 16 34 13 33 23 50 19 41 14 65 51 23 40 7 17 39 25 4 61 69 28 66 59 19 33 29 36 69 39 44 85 67 51 42 55 21 52 47 57 72 70 49 72 59 4 38 13 56 49 40 33 29 49 46 12 16 29 39 50 38 28 16 53 71 41 68 37 21 71 43 32 25 76 15 36 54 39 30 51 15 50 
18 36 36 0 17 33 34 42 65 30 45 71 44 11 39 28 42 29 16 53 20 70 23 3 35 14 55 57 28 55 41 59 30 29 43 15 11 40 25 59 38 56 49 17 17 7 26 33 27 34 75 57 47 32 19 15 52 37 47 62 34 13 36 23 40 28 45 46 45 14 7 7 51 42 42 26 39 47 14 16 38 40 43 61 13 32 1 41 61 7 22 15 66 51 40 44 15 66 41 25 14 
19 37 53 17 0 50 33 45 60 43 40 88 61 28 34 45 37 12 7 48 37 87 40 20 52 7 72 74 45 50 44 76 47 46 60 14 28 57 10 54 43 51 54 34 22 24 25 22 22 47 70 52 64 49 4 32 69 32 64 57 17 4 19 6 57 23 62 41 62 19 20 24 68 59 59 43 44 64 5 21 43 57 38 56 12 15 16 58 56 10 33 28 61 68 57 39 14 83 36 40 3 
31 19 27 33 50 0 17 25 48 13 40 38 11 22 44 5 25 62 49 36 15 37 18 30 4 47 22 24 13 38 24 26 13 32 10 36 28 25 58 42 55 39 32 24 34 26 25 66 36 17 58 40 24 15 52 18 25 26 30 45 67 46 69 56 25 33 14 29 22 37 30 26 22 19 15 11 56 14 47 35 55 11 30 44 38 65 34 8 44 40 17 32 49 18 9 45 36 33 28 42 47 
16 4 44 34 33 17 0 12 31 10 23 55 28 33 27 20 8 45 36 19 32 54 35 37 21 30 39 41 30 21 11 43 14 49 27 19 45 42 41 25 72 22 21 41 51 39 8 49 19 14 41 23 31 16 35 25 36 9 31 28 50 33 52 39 42 16 31 12 29 48 27 29 35 26 32 28 73 31 30 50 72 28 13 27 21 48 33 25 27 37 12 49 32 35 24 28 19 50 11 59 30 
26 8 52 42 45 25 12 0 23 12 35 43 28 41 39 28 10 57 44 29 40 42 43 45 29 42 39 29 38 13 1 37 12 57 35 31 53 50 53 17 80 14 9 49 59 47 20 61 31 8 33 15 19 10 47 33 24 21 19 20 62 41 64 51 50 28 39 8 17 56 35 37 23 14 40 36 81 19 42 58 80 36 25 19 33 60 41 31 19 45 20 57 24 37 16 40 31 38 23 67 42 
47 29 75 65 60 48 31 23 0 35 20 60 51 64 26 51 23 56 67 12 63 59 66 68 52 53 62 46 61 10 24 60 35 80 58 50 76 73 50 24 103 9 26 72 82 70 39 44 38 31 10 24 36 33 56 56 41 28 36 15 53 64 53 60 73 37 62 19 34 79 58 60 40 31 63 59 104 36 55 81 103 59 22 10 52 47 64 54 20 68 43 80 7 60 39 23 50 55 24 90 61 
24 6 40 30 43 13 10 12 35 0 33 45 18 29 37 16 12 55 42 27 28 44 31 33 17 40 29 31 26 25 11 33 4 45 23 29 41 38 51 29 68 26 19 37 47 35 18 59 29 4 45 27 21 6 45 21 26 19 21 32 60 39 62 49 38 26 27 16 19 44 23 25 25 16 28 24 69 21 40 46 68 24 23 31 31 58 29 19 31 33 10 45 36 25 14 38 29 40 21 55 40 
27 27 55 45 40 40 23 35 20 33 0 78 51 44 6 35 25 36 47 8 43 77 46 48 42 33 62 64 41 24 34 66 37 60 50 30 56 53 30 42 83 23 44 52 62 50 19 26 18 37 30 42 54 39 36 36 59 14 54 33 33 44 33 40 53 17 52 27 52 59 38 40 58 49 49 39 84 54 35 61 83 47 10 28 32 27 44 48 38 48 23 60 21 58 47 5 30 73 12 70 41 
69 51 35 71 88 38 55 43 60 45 78 0 27 60 82 43 53 100 87 72 51 3 48 68 36 85 18 14 43 54 44 16 41 42 28 74 60 31 96 38 59 55 34 54 68 64 63 104 74 41 56 36 24 39 90 56 21 64 26 45 105 84 107 94 31 71 26 51 26 75 68 64 20 29 29 45 60 24 85 73 59 31 68 50 76 103 72 30 40 78 55 60 67 20 31 83 74 5 66 48 85 
42 24 24 44 61 11 28 28 51 18 51 27 0 33 55 16 28 73 60 45 24 26 21 41 9 58 11 17 16 41 27 15 16 29 7 47 33 22 69 45 52 42 35 27 41 37 36 77 47 20 61 43 27 18 63 29 28 37 33 48 78 57 80 67 22 44 11 32 25 48 41 37 25 22 12 18 53 15 58 46 52 8 41 47 49 76 45 3 47 51 28 33 52 9 12 56 47 22 39 39 58 
17 35 25 11 28 22 33 41 64 29 44 60 33 0 38 17 41 40 27 52 9 59 12 8 24 25 44 46 17 54 40 48 29 18 32 14 12 29 36 58 39 55 48 8 18 6 25 44 26 33 74 56 40 31 30 8 41 36 46 61 45 24 47 34 29 27 34 45 38 15 8 4 40 35 31 15 40 36 25 17 39 29 42 60 16 43 12 30 60 18 21 16 65 40 29 43 14 55 40 26 25 
21 31 49 39 34 44 27 39 26 37 6 82 55 38 0 39 29 30 41 14 37 81 40 42 46 27 66 68 39 28 38 70 41 54 54 24 50 51 24 46 77 27 48 46 56 44 19 22 12 41 36 46 58 43 30 30 63 18 58 37 27 38 27 34 51 11 56 31 56 53 32 34 62 53 53 37 78 58 29 55 77 51 14 32 26 21 38 52 42 42 27 54 27 62 51 5 24 77 16 64 35 
26 22 24 28 45 5 20 28 51 16 35 43 16 17 39 0 28 57 44 39 12 42 15 25 7 42 27 29 10 41 27 31 16 29 15 31 25 22 53 45 52 42 35 21 31 21 20 61 31 20 61 43 27 18 47 13 28 23 33 48 62 41 64 51 22 28 17 32 25 32 25 21 25 22 14 8 53 19 42 30 52 12 29 47 33 60 29 13 47 35 12 29 52 23 12 40 31 38 27 39 42 
24 6 52 42 37 25 8 10 23 12 25 53 28 41 29 28 0 47 44 19 40 52 43 45 29 32 39 39 38 13 9 41 12 57 35 27 53 50 43 17 80 14 19 49 59 47 16 51 21 12 33 17 29 14 37 33 34 11 29 20 52 41 54 41 50 18 39 4 27 56 35 37 33 24 40 36 81 29 32 58 80 36 15 19 29 50 41 31 19 45 20 57 24 37 22 30 27 48 13 67 38 
31 49 65 29 12 62 45 57 56 55 36 100 73 40 30 57 47 0 13 44 49 99 52 32 64 15 84 86 57 46 56 88 59 58 72 26 40 69 6 64 47 47 66 46 32 36 37 18 26 59 66 64 76 61 10 44 81 36 76 55 5 16 7 6 69 29 74 49 74 25 32 36 80 71 71 55 48 76 15 27 47 69 34 52 24 9 28 70 60 22 45 40 57 80 69 35 26 95 34 52 15 
20 38 52 16 7 49 36 44 67 42 47 87 60 27 41 44 44 13 0 55 36 86 39 19 51 14 71 73 44 57 43 75 46 45 59 17 27 56 17 61 36 58 53 33 19 23 28 29 29 46 77 59 63 48 11 31 68 39 63 64 18 3 20 7 56 30 61 48 61 12 19 23 67 58 58 42 37 63 12 14 36 56 45 63 15 20 15 57 63 9 32 27 68 67 56 46 17 82 43 39 6 
35 21 63 53 48 36 19 29 12 27 8 72 45 52 14 39 19 44 55 0 51 71 54 56 40 41 56 58 49 18 28 60 31 68 46 38 64 61 38 36 91 17 38 60 70 58 27 32 26 31 22 36 48 33 44 44 53 16 48 27 41 52 41 48 61 25 50 21 46 67 46 48 52 43 51 47 92 48 43 69 91 47 10 22 40 35 52 42 32 56 31 68 13 52 41 11 38 67 12 78 49 
18 34 16 20 37 15 32 40 63 28 43 51 24 9 37 12 40 49 36 51 0 50 3 17 15 34 35 37 8 53 39 39 28 17 23 23 13 20 45 57 40 54 47 9 19 13 24 53 25 32 73 55 39 30 39 7 40 35 45 60 54 33 56 43 20 26 25 44 37 24 17 13 37 34 22 6 41 27 34 22 40 20 41 59 25 52 21 21 59 27 20 17 64 31 24 42 23 46 39 27 34 
68 50 34 70 87 37 54 42 59 44 77 3 26 59 81 42 52 99 86 71 50 0 47 67 35 84 15 13 42 53 43 13 40 41 27 73 59 30 95 41 56 54 33 53 67 63 62 103 73 40 57 39 23 38 89 55 24 63 29 44 104 83 106 93 30 70 25 50 25 74 67 63 21 28 28 44 57 23 84 72 56 30 67 49 75 102 71 29 43 77 54 59 66 19 30 82 73 4 65 47 84 
21 37 13 23 40 18 35 43 66 31 46 48 21 12 40 15 43 52 39 54 3 47 0 20 14 37 32 34 5 56 42 36 31 14 20 26 12 17 48 60 37 57 50 6 20 16 27 56 28 35 76 58 42 33 42 10 43 38 48 63 57 36 59 46 17 29 22 47 40 27 20 16 40 37 19 7 38 30 37 25 37 17 44 62 28 55 24 18 62 30 23 14 67 28 27 45 26 43 42 24 37 
21 39 33 3 20 30 37 45 68 33 48 68 41 8 42 25 45 32 19 56 17 67 20 0 32 17 52 54 25 58 44 56 33 26 40 18 8 37 28 62 35 59 52 14 14 4 29 36 30 37 78 60 44 35 22 12 49 40 50 65 37 16 39 26 37 31 42 49 42 11 10 8 48 39 39 23 36 44 17 13 35 37 46 64 16 35 4 38 64 10 25 12 69 48 37 47 18 63 44 22 17 
33 23 23 35 52 4 21 29 52 17 42 36 9 24 46 7 29 64 51 40 15 35 14 32 0 49 20 22 9 42 28 24 17 28 8 38 24 21 60 46 51 43 36 20 32 28 27 68 38 21 62 44 28 19 54 20 29 28 34 49 69 48 71 58 21 35 10 33 26 39 32 28 26 23 11 9 52 16 49 37 51 7 32 48 40 67 36 6 48 42 19 28 53 16 13 47 38 31 30 38 49 
16 34 50 14 7 47 30 42 53 40 33 85 58 25 27 42 32 15 14 41 34 84 37 17 49 0 69 71 42 43 41 73 44 43 57 11 25 54 11 49 50 44 51 31 29 21 22 19 15 44 63 49 61 46 5 29 66 25 61 50 20 11 22 9 54 16 59 34 59 26 17 21 65 56 56 40 51 61 2 28 50 54 31 49 9 18 13 55 49 15 30 27 54 65 54 32 11 80 29 37 8 
53 35 19 55 72 22 39 39 62 29 62 18 11 44 66 27 39 84 71 56 35 15 32 52 20 69 0 28 27 52 38 4 27 26 12 58 44 15 80 56 41 53 46 38 52 48 47 88 58 31 72 54 38 29 74 40 39 48 44 59 89 68 91 78 15 55 10 43 36 59 52 48 36 33 13 29 42 26 69 57 41 15 52 58 60 87 56 14 58 62 39 44 63 4 23 67 58 15 50 32 69 
55 37 41 57 74 24 41 29 46 31 64 14 17 46 68 29 39 86 73 58 37 13 34 54 22 71 28 0 29 40 30 26 27 46 24 60 46 39 82 28 69 41 20 40 54 50 49 90 60 27 44 26 10 25 76 42 11 50 16 31 91 70 93 80 39 57 28 37 12 61 54 50 8 15 29 31 70 10 71 59 69 25 54 36 62 89 58 20 30 64 41 46 53 26 17 69 60 13 52 56 71 
26 32 14 28 45 13 30 38 61 26 41 43 16 17 39 10 38 57 44 49 8 42 5 25 9 42 27 29 0 51 37 31 26 19 15 31 17 12 53 55 42 52 45 11 25 21 22 61 31 30 71 53 37 28 47 13 38 33 43 58 62 41 64 51 12 28 17 42 35 32 25 21 35 32 14 2 43 25 42 30 42 12 39 57 33 60 29 13 57 35 18 19 62 23 22 40 31 38 37 29 42 
37 19 65 55 50 38 21 13 10 25 24 54 41 54 28 41 13 46 57 18 53 53 56 58 42 43 52 40 51 0 14 50 25 70 48 40 66 63 42 18 93 1 20 62 72 60 29 50 28 21 20 18 30 23 46 46 35 18 30 9 51 54 53 50 63 27 52 9 28 69 48 50 34 25 53 49 94 30 45 71 93 49 14 6 42 49 54 44 14 58 33 70 13 50 29 29 40 49 14 80 51 
25 7 51 41 44 24 11 1 24 11 34 44 27 40 38 27 9 56 43 28 39 43 42 44 28 41 38 30 37 14 0 36 11 56 34 30 52 49 52 18 79 15 10 48 58 46 19 60 30 7 34 16 20 9 46 32 25 20 20 21 61 40 63 50 49 27 38 7 18 55 34 36 24 15 39 35 80 20 41 57 79 35 24 20 32 59 40 30 20 44 19 56 25 36 15 39 30 39 22 66 41 
57 39 23 59 76 26 43 37 60 33 66 16 15 48 70 31 41 88 75 60 39 13 36 56 24 73 4 26 31 50 36 0 29 30 16 62 48 19 84 54 45 51 44 42 56 52 51 92 62 29 70 52 36 27 78 44 37 52 42 57 93 72 95 82 19 59 14 41 34 63 56 52 34 31 17 33 44 24 73 61 43 19 56 56 64 91 60 18 56 66 43 48 61 8 21 71 62 13 54 36 73 
28 10 40 30 47 13 14 12 35 4 37 41 16 29 41 16 12 59 46 31 28 40 31 33 17 44 27 27 26 25 11 29 0 45 23 33 41 38 55 29 68 26 19 37 47 35 22 63 33 4 45 27 17 2 49 21 22 23 17 32 64 43 66 53 38 30 27 16 15 44 27 25 21 12 28 24 69 17 44 46 68 24 27 31 35 62 31 19 31 37 14 45 36 25 10 42 33 36 25 55 44 
33 51 7 29 46 32 49 57 80 45 60 42 29 18 54 29 57 58 45 68 17 41 14 26 28 43 26 46 19 70 56 30 45 0 22 32 18 11 54 74 23 71 64 12 26 22 41 62 42 49 90 72 56 47 48 24 57 52 62 77 63 42 65 52 11 43 18 61 54 33 26 22 54 51 17 21 24 44 43 31 23 21 58 76 34 61 30 26 76 36 37 18 81 22 41 59 32 37 56 10 43 
41 29 17 43 60 10 27 35 58 23 50 28 7 32 54 15 35 72 59 46 23 27 20 40 8 57 12 24 15 48 34 16 23 22 0 46 32 15 68 52 45 49 42 26 40 36 35 76 46 27 68 50 34 25 62 28 35 36 40 55 77 56 79 66 15 43 4 39 32 47 40 36 32 29 5 17 46 22 57 45 45 3 40 54 48 75 44 4 54 50 27 32 59 8 19 55 46 23 38 32 57 
5 23 39 15 14 36 19 31 50 29 30 74 47 14 24 31 27 26 17 38 23 73 26 18 38 11 58 60 31 40 30 62 33 32 46 0 26 43 22 44 53 41 40 22 32 20 11 30 12 33 60 42 50 35 16 18 55 22 50 47 31 14 33 20 43 13 48 31 48 29 8 10 54 45 45 29 54 50 11 31 53 43 28 46 2 29 14 44 46 18 19 30 51 54 43 29 0 69 26 40 11 
29 47 25 11 28 28 45 53 76 41 56 60 33 12 50 25 53 40 27 64 13 59 12 8 24 25 44 46 17 66 52 48 41 18 32 26 0 29 36 70 27 67 60 6 8 6 37 44 38 45 86 68 52 43 30 20 53 48 58 73 45 24 47 34 29 39 34 57 50 15 18 16 50 47 31 17 28 40 25 13 27 29 54 72 24 43 12 30 72 18 33 4 77 40 37 55 26 55 52 14 25 
38 44 4 40 57 25 42 50 73 38 53 31 22 29 51 22 50 69 56 61 20 30 17 37 21 54 15 39 12 63 49 19 38 11 15 43 29 0 65 67 30 64 57 23 37 33 34 73 43 42 83 65 49 40 59 25 50 45 55 70 74 53 76 63 0 40 11 54 47 44 37 33 47 44 10 14 31 37 54 42 30 14 51 69 45 72 41 19 69 47 30 29 74 13 34 52 43 26 49 17 54 
27 45 61 25 10 58 41 53 50 51 30 96 69 36 24 53 43 6 17 38 45 95 48 28 60 11 80 82 53 42 52 84 55 54 68 22 36 65 0 60 53 41 62 42 32 32 33 12 22 55 60 60 72 57 6 40 77 32 72 51 9 14 11 10 65 25 70 45 70 29 28 32 76 67 67 51 54 72 11 31 53 65 28 46 20 7 24 66 56 18 41 36 51 76 65 29 22 91 30 48 11 
41 23 69 59 54 42 25 17 24 29 42 38 45 58 46 45 17 64 61 36 57 41 60 62 46 49 56 28 55 18 18 54 29 74 52 44 70 67 60 0 97 19 10 66 76 64 33 68 38 25 20 2 18 27 54 50 17 28 12 9 69 58 71 58 67 35 56 15 20 73 52 54 20 23 57 53 98 30 49 75 97 53 32 14 46 67 58 48 4 62 37 74 31 54 33 47 44 41 30 84 55 
56 74 28 38 43 55 72 80 103 68 83 59 52 39 77 52 80 47 36 91 40 56 37 35 51 50 41 69 42 93 79 45 68 23 45 53 27 30 53 97 0 94 87 31 21 33 64 65 65 72 113 95 79 70 47 47 80 75 85 100 50 39 50 43 30 66 41 84 77 24 45 43 77 74 40 44 3 67 48 22 2 44 81 99 51 56 39 49 99 35 60 23 104 43 64 82 53 56 79 13 42 
38 20 66 56 51 39 22 14 9 26 23 55 42 55 27 42 14 47 58 17 54 54 57 59 43 44 53 41 52 1 15 51 26 71 49 41 67 64 41 19 94 0 21 63 73 61 30 49 29 22 19 19 31 24 47 47 36 19 31 10 50 55 52 51 64 28 53 10 29 70 49 51 35 26 54 50 95 31 46 72 94 50 13 5 43 48 55 45 15 59 34 71 12 51 30 28 41 50 15 81 52 
35 17 59 49 54 32 21 9 26 19 44 34 35 48 48 35 19 66 53 38 47 33 50 52 36 51 46 20 45 20 10 44 19 64 42 40 60 57 62 10 87 21 0 56 66 54 29 70 40 15 26 8 10 17 56 40 15 30 10 13 71 50 73 60 57 37 46 17 10 63 42 44 14 13 47 43 88 20 51 65 87 43 34 16 42 69 48 38 12 52 27 64 33 44 23 49 40 31 32 74 51 
25 43 19 17 34 24 41 49 72 37 52 54 27 8 46 21 49 46 33 60 9 53 6 14 20 31 38 40 11 62 48 42 37 12 26 22 6 23 42 66 31 63 56 0 14 10 33 50 34 41 82 64 48 39 36 16 49 44 54 69 51 30 53 40 23 35 28 53 46 21 14 12 46 43 25 13 32 36 31 19 31 23 50 68 22 49 18 24 68 24 29 8 73 34 33 51 22 49 48 18 31 
35 53 33 17 22 34 51 59 82 47 62 68 41 18 56 31 59 32 19 70 19 67 20 14 32 29 52 54 25 72 58 56 47 26 40 32 8 37 32 76 21 73 66 14 0 12 43 44 44 51 92 74 58 49 26 26 59 54 64 79 37 18 39 26 37 45 42 63 56 7 24 22 56 53 39 23 22 46 27 5 21 37 60 78 30 35 18 38 78 14 39 8 83 48 43 61 32 63 58 20 21 
23 41 29 7 24 26 39 47 70 35 50 64 37 6 44 21 47 36 23 58 13 63 16 4 28 21 48 50 21 60 46 52 35 22 36 20 6 33 32 64 33 61 54 10 12 0 31 40 32 39 80 62 46 37 26 14 47 42 52 67 41 20 43 30 33 33 38 51 44 11 12 10 44 41 35 19 34 40 21 11 33 33 48 66 18 39 8 34 66 14 27 10 71 44 33 49 20 59 46 20 21 
8 12 36 26 25 25 8 20 39 18 19 63 36 25 19 20 16 37 28 27 24 62 27 29 27 22 47 49 22 29 19 51 22 41 35 11 37 34 33 33 64 30 29 33 43 31 0 41 11 22 49 31 39 24 27 17 44 11 39 36 42 25 44 31 34 8 37 20 37 40 19 21 43 34 34 20 65 39 22 42 64 32 17 35 13 40 25 33 35 29 8 41 40 43 32 20 11 58 15 51 22 
35 53 69 33 22 66 49 61 44 59 26 104 77 44 22 61 51 18 29 32 53 103 56 36 68 19 88 90 61 50 60 92 63 62 76 30 44 73 12 68 65 49 70 50 44 40 41 0 30 63 48 68 80 65 18 48 85 40 80 59 15 26 15 22 73 33 78 53 78 41 36 40 84 75 75 59 66 80 19 43 65 73 36 54 28 9 32 74 64 30 49 44 39 84 73 21 30 99 38 56 23 
9 23 39 27 22 36 19 31 38 29 18 74 47 26 12 31 21 26 29 26 25 73 28 30 38 15 58 60 31 28 30 62 33 42 46 12 38 43 22 38 65 29 40 34 44 32 11 30 0 33 48 38 50 35 18 18 55 10 50 35 31 26 33 22 43 3 48 23 48 41 20 22 54 45 45 29 66 50 17 43 65 43 16 34 14 29 26 44 34 30 19 42 39 54 43 17 12 69 14 52 23 
28 10 44 34 47 17 14 8 31 4 37 41 20 33 41 20 12 59 46 31 32 40 35 37 21 44 31 27 30 21 7 29 4 49 27 33 45 42 55 25 72 22 15 41 51 39 22 63 33 0 41 23 17 2 49 25 22 23 17 28 64 43 66 53 42 30 31 12 15 48 27 29 21 12 32 28 73 17 44 50 72 28 27 27 35 62 33 23 27 37 14 49 32 29 10 42 33 36 25 59 44 
57 39 85 75 70 58 41 33 10 45 30 56 61 74 36 61 33 66 77 22 73 57 76 78 62 63 72 44 71 20 34 70 45 90 68 60 86 83 60 20 113 19 26 82 92 80 49 48 48 41 0 20 34 43 66 66 37 38 32 13 63 74 63 70 83 47 72 29 36 89 68 70 36 39 73 69 114 46 65 91 113 69 32 14 62 57 74 64 16 78 53 90 11 70 49 31 60 57 34 100 71 
39 21 67 57 52 40 23 15 24 27 42 36 43 56 46 43 17 64 59 36 55 39 58 60 44 49 54 26 53 18 16 52 27 72 50 42 68 65 60 2 95 19 8 64 74 62 31 68 38 23 20 0 16 25 54 48 17 28 12 9 69 56 71 58 65 35 54 15 18 71 50 52 18 21 55 51 96 28 49 73 95 51 32 14 44 67 56 46 4 60 35 72 31 52 31 47 42 39 30 82 53 
45 27 51 47 64 24 31 19 36 21 54 24 27 40 58 27 29 76 63 48 39 23 42 44 28 61 38 10 37 30 20 36 17 56 34 50 52 49 72 18 79 31 10 48 58 46 39 80 50 17 34 16 0 15 66 32 5 40 6 21 81 60 83 70 49 47 38 27 2 55 44 40 4 5 39 35 80 12 61 57 79 35 44 26 52 79 48 30 20 54 31 56 43 36 15 59 50 23 42 66 61 
30 12 42 32 49 15 16 10 33 6 39 39 18 31 43 18 14 61 48 33 30 38 33 35 19 46 29 25 28 23 9 27 2 47 25 35 43 40 57 27 70 24 17 39 49 37 24 65 35 2 43 25 15 0 51 23 20 25 15 30 66 45 68 55 40 32 29 14 13 46 29 27 19 10 30 26 71 15 46 48 70 26 29 29 37 64 33 21 29 39 16 47 34 27 8 44 35 34 27 57 46 
21 39 55 19 4 52 35 47 56 45 36 90 63 30 30 47 37 10 11 44 39 89 42 22 54 5 74 76 47 46 46 78 49 48 62 16 30 59 6 54 47 47 56 36 26 26 27 18 18 49 66 54 66 51 0 34 71 28 66 53 15 8 17 4 59 19 64 39 64 23 22 26 70 61 61 45 48 66 5 25 47 59 34 52 14 13 18 60 52 12 35 30 57 70 59 35 16 85 32 42 5 
13 27 21 15 32 18 25 33 56 21 36 56 29 8 30 13 33 44 31 44 7 55 10 12 20 29 40 42 13 46 32 44 21 24 28 18 20 25 40 50 47 47 40 16 26 14 17 48 18 25 66 48 32 23 34 0 37 28 38 53 49 28 51 38 25 19 30 37 30 23 12 8 36 27 27 11 48 32 29 25 47 25 34 52 20 47 16 26 52 22 13 24 57 36 25 35 18 51 32 34 29 
50 32 52 52 69 25 36 24 41 26 59 21 28 41 63 28 34 81 68 53 40 24 43 49 29 66 39 11 38 35 25 37 22 57 35 55 53 50 77 17 80 36 15 49 59 47 44 85 55 22 37 17 5 20 71 37 0 45 5 26 86 65 88 75 50 52 39 32 7 56 49 45 3 10 40 36 81 13 66 58 80 36 49 31 57 84 53 31 21 59 36 57 48 37 16 64 55 24 47 67 66 
19 13 47 37 32 26 9 21 28 19 14 64 37 36 18 23 11 36 39 16 35 63 38 40 28 25 48 50 33 18 20 52 23 52 36 22 48 45 32 28 75 19 30 44 54 42 11 40 10 23 38 28 40 25 28 28 45 0 40 25 41 36 43 32 45 9 38 13 38 51 30 32 44 35 35 31 76 40 27 53 75 33 6 24 24 39 36 34 24 40 15 52 29 44 33 19 22 59 4 62 33 
45 27 57 47 64 30 31 19 36 21 54 26 33 46 58 33 29 76 63 48 45 29 48 50 34 61 44 16 43 30 20 42 17 62 40 50 58 55 72 12 85 31 10 54 64 52 39 80 50 17 32 12 6 15 66 38 5 40 0 21 81 60 83 70 55 47 44 27 8 61 44 42 8 11 45 41 86 18 61 63 85 41 44 26 52 79 48 36 16 54 31 62 43 42 21 59 50 29 42 72 61 
44 26 72 62 57 45 28 20 15 32 33 45 48 61 37 48 20 55 64 27 60 44 63 65 49 50 59 31 58 9 21 57 32 77 55 47 73 70 51 9 100 10 13 69 79 67 36 59 35 28 13 9 21 30 53 53 26 25 21 0 60 61 62 57 70 34 59 16 23 76 55 57 25 26 60 56 101 33 52 78 100 56 23 5 49 58 61 51 5 65 40 77 22 57 36 38 47 44 21 87 58 
36 54 70 34 17 67 50 62 53 60 33 105 78 45 27 62 52 5 18 41 54 104 57 37 69 20 89 91 62 51 61 93 64 63 77 31 45 74 9 69 50 50 71 51 37 41 42 15 31 64 63 69 81 66 15 49 86 41 81 60 0 21 2 11 74 34 79 54 79 30 37 41 85 76 76 60 51 81 20 32 50 74 37 55 29 6 33 75 65 27 50 45 54 85 74 32 31 100 39 57 20 
17 35 49 13 4 46 33 41 64 39 44 84 57 24 38 41 41 16 3 52 33 83 36 16 48 11 68 70 41 54 40 72 43 42 56 14 24 53 14 58 39 55 50 30 18 20 25 26 26 43 74 56 60 45 8 28 65 36 60 61 21 0 23 10 53 27 58 45 58 15 16 20 64 55 55 39 40 60 9 17 39 53 42 60 12 19 12 54 60 6 29 24 65 64 53 43 14 79 40 36 3 
38 56 72 36 19 69 52 64 53 62 33 107 80 47 27 64 54 7 20 41 56 106 59 39 71 22 91 93 64 53 63 95 66 65 79 33 47 76 11 71 50 52 73 53 39 43 44 15 33 66 63 71 83 68 17 51 88 43 83 62 2 23 0 13 76 36 81 56 81 32 39 43 87 78 78 62 53 83 22 34 52 76 39 57 31 6 35 77 67 29 52 47 54 87 76 32 33 102 41 59 22 
25 43 59 23 6 56 39 51 60 49 40 94 67 34 34 51 41 6 7 48 43 93 46 26 58 9 78 80 51 50 50 82 53 52 66 20 34 63 10 58 43 51 60 40 26 30 31 22 22 53 70 58 70 55 4 38 75 32 70 57 11 10 13 0 63 23 68 43 68 19 26 30 74 65 65 49 44 70 9 21 43 63 38 56 18 13 22 64 56 16 39 34 61 74 63 39 20 89 36 46 9 
38 44 4 40 57 25 42 50 73 38 53 31 22 29 51 22 50 69 56 61 20 30 17 37 21 54 15 39 12 63 49 19 38 11 15 43 29 0 65 67 30 64 57 23 37 33 34 73 43 42 83 65 49 40 59 25 50 45 55 70 74 53 76 63 0 40 11 54 47 44 37 33 47 44 10 14 31 37 54 42 30 14 51 69 45 72 41 19 69 47 30 29 74 13 34 52 43 26 49 17 54 
10 20 38 28 23 33 16 28 37 26 17 71 44 27 11 28 18 29 30 25 26 70 29 31 35 16 55 57 28 27 27 59 30 43 43 13 39 40 25 35 66 28 37 35 45 33 8 33 3 30 47 35 47 32 19 19 52 9 47 34 34 27 36 23 40 0 45 20 45 42 21 23 51 42 42 26 67 47 18 44 66 40 15 33 15 32 27 41 33 31 16 43 38 51 40 16 13 66 13 53 24 
43 33 13 45 62 14 31 39 62 27 52 26 11 34 56 17 39 74 61 50 25 25 22 42 10 59 10 28 17 52 38 14 27 18 4 48 34 11 70 56 41 53 46 28 42 38 37 78 48 31 72 54 38 29 64 30 39 38 44 59 79 58 81 68 11 45 0 43 36 49 42 38 36 33 3 19 42 26 59 47 41 5 42 58 50 77 46 8 58 52 29 34 63 6 23 57 48 21 40 28 59 
28 10 56 46 41 29 12 8 19 16 27 51 32 45 31 32 4 49 48 21 44 50 47 49 33 34 43 37 42 9 7 41 16 61 39 31 57 54 45 15 84 10 17 53 63 51 20 53 23 12 29 15 27 14 39 37 32 13 27 16 54 45 56 43 54 20 43 0 25 60 39 41 31 22 44 40 85 27 36 62 84 40 17 15 33 52 45 35 15 49 24 61 20 41 20 32 31 46 15 71 42 
43 25 49 45 62 22 29 17 34 19 52 26 25 38 56 25 27 74 61 46 37 25 40 42 26 59 36 12 35 28 18 34 15 54 32 48 50 47 70 20 77 29 10 46 56 44 37 78 48 15 36 18 2 13 64 30 7 38 8 23 79 58 81 68 47 45 36 25 0 53 42 38 6 3 37 33 78 10 59 55 77 33 42 24 50 77 46 28 22 52 29 54 41 34 13 57 48 21 40 64 59 
32 50 40 14 19 37 48 56 79 44 59 75 48 15 53 32 56 25 12 67 24 74 27 11 39 26 59 61 32 69 55 63 44 33 47 29 15 44 29 73 24 70 63 21 7 11 40 41 41 48 89 71 55 46 23 23 56 51 61 76 30 15 32 19 44 42 49 60 53 0 21 19 55 50 46 30 25 51 24 2 24 44 57 75 27 32 15 45 75 11 36 15 80 55 44 58 29 70 55 27 18 
11 29 33 7 20 30 27 35 58 23 38 68 41 8 32 25 35 32 19 46 17 67 20 10 32 17 52 54 25 48 34 56 27 26 40 8 18 37 28 52 45 49 42 14 24 12 19 36 20 27 68 50 44 29 22 12 49 30 44 55 37 16 39 26 37 21 42 39 42 21 0 4 48 39 39 23 46 44 17 23 45 37 36 54 8 35 6 38 54 10 15 22 59 48 37 37 8 63 34 32 17 
13 31 29 7 24 26 29 37 60 25 40 64 37 4 34 21 37 36 23 48 13 63 16 8 28 21 48 50 21 50 36 52 25 22 36 10 16 33 32 54 43 51 44 12 22 10 21 40 22 29 70 52 40 27 26 8 45 32 42 57 41 20 43 30 33 23 38 41 38 19 4 0 44 35 35 19 44 40 21 21 43 33 38 56 12 39 8 34 56 14 17 20 61 44 33 39 10 59 36 30 21 
49 31 49 51 68 22 35 23 40 25 58 20 25 40 62 25 33 80 67 52 37 21 40 48 26 65 36 8 35 34 24 34 21 54 32 54 50 47 76 20 77 35 14 46 56 44 43 84 54 21 36 18 4 19 70 36 3 44 8 25 85 64 87 74 47 51 36 31 6 55 48 44 0 9 37 33 78 10 65 55 77 33 48 30 56 83 52 28 22 58 35 54 47 34 13 63 54 21 46 64 65 
40 22 46 42 59 19 26 14 31 16 49 29 22 35 53 22 24 71 58 43 34 28 37 39 23 56 33 15 32 25 15 31 12 51 29 45 47 44 67 23 74 26 13 43 53 41 34 75 45 12 39 21 5 10 61 27 10 35 11 26 76 55 78 65 44 42 33 22 3 50 39 35 9 0 34 30 75 7 56 52 74 30 39 25 47 74 43 25 25 49 26 51 38 31 10 54 45 24 37 61 56 
40 34 12 42 59 15 32 40 63 28 49 29 12 31 53 14 40 71 58 51 22 28 19 39 11 56 13 29 14 53 39 17 28 17 5 45 31 10 67 57 40 54 47 25 39 35 34 75 45 32 73 55 39 30 61 27 40 35 45 60 76 55 78 65 10 42 3 44 37 46 39 35 37 34 0 16 41 27 56 44 40 4 41 59 47 74 43 9 59 49 26 31 64 9 24 54 45 24 39 27 56 
24 30 16 26 43 11 28 36 59 24 39 45 18 15 37 8 36 55 42 47 6 44 7 23 9 40 29 31 2 49 35 33 24 21 17 29 17 14 51 53 44 50 43 13 23 19 20 59 29 28 69 51 35 26 45 11 36 31 41 56 60 39 62 49 14 26 19 40 33 30 23 19 33 30 16 0 45 23 40 28 44 14 37 55 31 58 27 15 55 33 16 21 60 25 20 38 29 40 35 31 40 
57 75 29 39 44 56 73 81 104 69 84 60 53 40 78 53 81 48 37 92 41 57 38 36 52 51 42 70 43 94 80 44 69 24 46 54 28 31 54 98 3 95 88 32 22 34 65 66 66 73 114 96 80 71 48 48 81 76 86 101 51 40 53 44 31 67 42 85 78 25 46 44 78 75 41 45 0 68 49 23 1 45 82 100 52 57 40 50 100 36 61 24 105 44 65 83 54 57 80 14 43 
45 27 39 47 64 14 31 19 36 21 54 24 15 36 58 19 29 76 63 48 27 23 30 44 16 61 26 10 25 30 20 24 17 44 22 50 40 37 72 30 67 31 20 36 46 40 39 80 50 17 46 28 12 15 66 32 13 40 18 33 81 60 83 70 37 47 26 27 10 51 44 40 10 7 27 23 68 0 61 49 67 23 44 32 52 79 48 18 32 54 31 44 43 24 7 59 50 19 42 54 61 
16 34 50 14 5 47 30 42 55 40 35 85 58 25 29 42 32 15 12 43 34 84 37 17 49 2 69 71 42 45 41 73 44 43 57 11 25 54 11 49 48 46 51 31 27 21 22 19 17 44 65 49 61 46 5 29 66 27 61 52 20 9 22 9 54 18 59 36 59 24 17 21 65 56 56 40 49 61 0 26 48 54 33 51 9 18 13 55 51 13 30 25 56 65 54 34 11 80 31 37 6 
34 52 38 16 21 35 50 58 81 46 61 73 46 17 55 30 58 27 14 69 22 72 25 13 37 28 57 59 30 71 57 61 46 31 45 31 13 42 31 75 22 72 65 19 5 11 42 43 43 50 91 73 57 48 25 25 58 53 63 78 32 17 34 21 42 44 47 62 55 2 23 21 55 52 44 28 23 49 26 0 22 42 59 77 29 34 17 43 77 13 38 13 82 53 42 60 31 68 57 25 20 
56 74 28 38 43 55 72 80 103 68 83 59 52 39 77 52 80 47 36 91 40 56 37 35 51 50 41 69 42 93 79 43 68 23 45 53 27 30 53 97 2 94 87 31 21 33 64 65 65 72 113 95 79 70 47 47 80 75 85 100 50 39 52 43 30 66 41 84 77 24 45 43 77 74 40 44 1 67 48 22 0 44 81 99 51 56 39 49 99 35 60 23 104 43 64 82 53 56 79 13 42 
38 30 16 40 57 11 28 36 59 24 47 31 8 29 51 12 36 69 56 47 20 30 17 37 7 54 15 25 12 49 35 19 24 21 3 43 29 14 65 53 44 50 43 23 37 33 32 73 43 28 69 51 35 26 59 25 36 33 41 56 74 53 76 63 14 40 5 40 33 44 37 33 33 30 4 14 45 23 54 42 44 0 37 55 45 72 41 5 55 47 24 29 60 11 20 52 43 26 35 31 54 
25 17 53 43 38 30 13 25 22 23 10 68 41 42 14 29 15 34 45 10 41 67 44 46 32 31 52 54 39 14 24 56 27 58 40 28 54 51 28 32 81 13 34 50 60 48 17 36 16 27 32 32 44 29 34 34 49 6 44 23 37 42 39 38 51 15 42 17 42 57 36 38 48 39 41 37 82 44 33 59 81 37 0 18 30 35 42 38 28 46 21 58 23 48 37 15 28 63 2 68 39 
43 25 71 61 56 44 27 19 10 31 28 50 47 60 32 47 19 52 63 22 59 49 62 64 48 49 58 36 57 6 20 56 31 76 54 46 72 69 46 14 99 5 16 68 78 66 35 54 34 27 14 14 26 29 52 52 31 24 26 5 55 60 57 56 69 33 58 15 24 75 54 56 30 25 59 55 100 32 51 77 99 55 18 0 48 53 60 50 10 64 39 76 17 56 35 33 46 45 20 86 57 
7 25 41 13 12 38 21 33 52 31 32 76 49 16 26 33 29 24 15 40 25 75 28 16 40 9 60 62 33 42 32 64 35 34 48 2 24 45 20 46 51 43 42 22 30 18 13 28 14 35 62 44 52 37 14 20 57 24 52 49 29 12 31 18 45 15 50 33 50 27 8 12 56 47 47 31 52 52 9 29 51 45 30 48 0 27 12 46 48 16 21 28 53 56 45 31 2 71 28 38 9 
34 52 68 32 15 65 48 60 47 58 27 103 76 43 21 60 50 9 20 35 52 102 55 35 67 18 87 89 60 49 59 91 62 61 75 29 43 72 7 67 56 48 69 49 35 39 40 9 29 62 57 67 79 64 13 47 84 39 79 58 6 19 6 13 72 32 77 52 77 32 35 39 83 74 74 58 57 79 18 34 56 72 35 53 27 0 31 73 63 25 48 43 48 83 72 26 29 98 37 55 18 
17 35 37 1 16 34 33 41 64 29 44 72 45 12 38 29 41 28 15 52 21 71 24 4 36 13 56 58 29 54 40 60 31 30 44 14 12 41 24 58 39 55 48 18 18 8 25 32 26 33 74 56 48 33 18 16 53 36 48 61 33 12 35 22 41 27 46 45 46 15 6 8 52 43 43 27 40 48 13 17 39 41 42 60 12 31 0 42 60 6 21 16 65 52 41 43 14 67 40 26 13 
39 25 21 41 58 8 25 31 54 19 48 30 3 30 52 13 31 70 57 42 21 29 18 38 6 55 14 20 13 44 30 18 19 26 4 44 30 19 66 48 49 45 38 24 38 34 33 74 44 23 64 46 30 21 60 26 31 34 36 51 75 54 77 64 19 41 8 35 28 45 38 34 28 25 9 15 50 18 55 43 49 5 38 50 46 73 42 0 50 48 25 30 55 10 15 53 44 25 36 36 55 
43 25 71 61 56 44 27 19 20 31 38 40 47 60 42 47 19 60 63 32 59 43 62 64 48 49 58 30 57 14 20 56 31 76 54 46 72 69 56 4 99 15 12 68 78 66 35 64 34 27 16 4 20 29 52 52 21 24 16 5 65 60 67 56 69 33 58 15 22 75 54 56 22 25 59 55 100 32 51 77 99 55 28 10 48 63 60 50 0 64 39 76 27 56 35 43 46 43 26 86 57 
21 39 43 7 10 40 37 45 68 33 48 78 51 18 42 35 45 22 9 56 27 77 30 10 42 15 62 64 35 58 44 66 37 36 50 18 18 47 18 62 35 59 52 24 14 14 29 30 30 37 78 60 54 39 12 22 59 40 54 65 27 6 29 16 47 31 52 49 52 11 10 14 58 49 49 33 36 54 13 13 35 47 46 64 16 25 6 48 64 0 25 18 69 58 47 47 18 73 44 30 7 
14 14 32 22 33 17 12 20 43 10 23 55 28 21 27 12 20 45 32 31 20 54 23 25 19 30 39 41 18 33 19 43 14 37 27 19 33 30 41 37 60 34 27 29 39 27 8 49 19 14 53 35 31 16 35 13 36 15 31 40 50 29 52 39 30 16 29 24 29 36 15 17 35 26 26 16 61 31 30 38 60 24 21 39 21 48 21 25 39 25 0 37 44 35 24 28 19 50 19 47 30 
33 51 25 15 28 32 49 57 80 45 60 60 33 16 54 29 57 40 27 68 17 59 14 12 28 27 44 46 19 70 56 48 45 18 32 30 4 29 36 74 23 71 64 8 8 10 41 44 42 49 90 72 56 47 30 24 57 52 62 77 45 24 47 34 29 43 34 61 54 15 22 20 54 51 31 21 24 44 25 13 23 29 58 76 28 43 16 30 76 18 37 0 81 40 41 59 30 55 56 12 25 
48 30 76 66 61 49 32 24 7 36 21 67 52 65 27 52 24 57 68 13 64 66 67 69 53 54 63 53 62 13 25 61 36 81 59 51 77 74 51 31 104 12 33 73 83 71 40 39 39 32 11 31 43 34 57 57 48 29 43 22 54 65 54 61 74 38 63 20 41 80 59 61 47 38 64 60 105 43 56 82 104 60 23 17 53 48 65 55 27 69 44 81 0 61 40 22 51 62 25 91 62 
49 31 15 51 68 18 35 37 60 25 58 20 9 40 62 23 37 80 67 52 31 19 28 48 16 65 4 26 23 50 36 8 25 22 8 54 40 13 76 54 43 51 44 34 48 44 43 84 54 29 70 52 36 27 70 36 37 44 42 57 85 64 87 74 13 51 6 41 34 55 48 44 34 31 9 25 44 24 65 53 43 11 48 56 56 83 52 10 56 58 35 40 61 0 21 63 54 15 46 30 65 
38 20 36 40 57 9 24 16 39 14 47 31 12 29 51 12 22 69 56 41 24 30 27 37 13 54 23 17 22 29 15 21 10 41 19 43 37 34 65 33 64 30 23 33 43 33 32 73 43 10 49 31 15 8 59 25 16 33 21 36 74 53 76 63 34 40 23 20 13 44 37 33 13 10 24 20 65 7 54 42 64 20 37 35 45 72 41 15 35 47 24 41 40 21 0 52 43 26 35 51 54 
26 32 54 44 39 45 28 40 23 38 5 83 56 43 5 40 30 35 46 11 42 82 45 47 47 32 67 69 40 29 39 71 42 59 55 29 55 52 29 47 82 28 49 51 61 49 20 21 17 42 31 47 59 44 35 35 64 19 59 38 32 43 32 39 52 16 57 32 57 58 37 39 63 54 54 38 83 59 34 60 82 52 15 33 31 26 43 53 43 47 28 59 22 63 52 0 29 78 17 69 40 
5 23 39 15 14 36 19 31 50 29 30 74 47 14 24 31 27 26 17 38 23 73 26 18 38 11 58 60 31 40 30 62 33 32 46 0 26 43 22 44 53 41 40 22 32 20 11 30 12 33 60 42 50 35 16 18 55 22 50 47 31 14 33 20 43 13 48 31 48 29 8 10 54 45 45 29 54 50 11 31 53 43 28 46 2 29 14 44 46 18 19 30 51 54 43 29 0 69 26 40 11 
64 46 30 66 83 33 50 38 55 40 73 5 22 55 77 38 48 95 82 67 46 4 43 63 31 80 15 13 38 49 39 13 36 37 23 69 55 26 91 41 56 50 31 49 63 59 58 99 69 36 57 39 23 34 85 51 24 59 29 44 100 79 102 89 26 66 21 46 21 70 63 59 21 24 24 40 57 19 80 68 56 26 63 45 71 98 67 25 43 73 50 55 62 15 26 78 69 0 61 43 80 
23 15 51 41 36 28 11 23 24 21 12 66 39 40 16 27 13 34 43 12 39 65 42 44 30 29 50 52 37 14 22 54 25 56 38 26 52 49 30 30 79 15 32 48 58 46 15 38 14 25 34 30 42 27 32 32 47 4 42 21 39 40 41 36 49 13 40 15 40 55 34 36 46 37 39 35 80 42 31 57 79 35 2 20 28 37 40 36 26 44 19 56 25 46 35 17 26 61 0 66 37 
43 61 15 25 40 42 59 67 90 55 70 48 39 26 64 39 67 52 39 78 27 47 24 22 38 37 32 56 29 80 66 36 55 10 32 40 14 17 48 84 13 81 74 18 20 20 51 56 52 59 100 82 66 57 42 34 67 62 72 87 57 36 59 46 17 53 28 71 64 27 32 30 64 61 27 31 14 54 37 25 13 31 68 86 38 55 26 36 86 30 47 12 91 30 51 69 40 43 66 0 37 
16 34 50 14 3 47 30 42 61 40 41 85 58 25 35 42 38 15 6 49 34 84 37 17 49 8 69 71 42 51 41 73 44 43 57 11 25 54 11 55 42 52 51 31 21 21 22 23 23 44 71 53 61 46 5 29 66 33 61 58 20 3 22 9 54 24 59 42 59 18 17 21 65 56 56 40 43 61 6 20 42 54 39 57 9 18 13 55 57 7 30 25 62 65 54 40 11 80 37 37 0 
266 748 673 331 619 115 25 728 580 22 393 1012 477 539 958 170 620 174 720 912 1032 486 635 377 737 92 19 848 903 570 995 461 207 908 465 740 938 808 110 977 319 764 912 651 346 988 915 623 810 898 304 242 447 173 662 619 138 845 1005 565 190 297 85 984 941 365 228 654 568 653 945 956 222 749 799 727 136 923 315 170 911 490 939 494 225 615 862 443 655 411 707 32 260 867 79 159 165 626 250 1007 949 208 929 71 79 269 716 165 150 368 891 462 121 108 641 338 772 1 231 72 284 532 739 52 284 881 824 782 739 949 418 441 691 515 444 107 756 725 470 511 